7, 0, 6, 0.00
14, 0, 3, 0.00
15, 0, 3, 0.00
19, 0, 3, 0.00
21, 0, 1, 0.00
23, 0, 21, 0.00
26, 0, 1, 0.00
29, 0, 1, 0.00
30, 0, 6, 0.00
31, 0, 21, 0.00
35, 0, 6, 0.00
39, 0, 6, 0.00
42, 0, 3, 0.00
43, 0, 15, 0.00
46, 0, 3, 0.00
47, 0, 21, 0.00
54, 0, 6, 0.00
55, 0, 6, 0.00
58, 0, 10, 0.00
59, 0, 21, 0.00
60, 0, 45, 0.00
61, 1, 630, 0.00
62, 0, 406, 0.00
63, 0, 6328, 0.00
64, 0, 136, 0.00
65, 0, 231, 0.00
66, 0, 253, 0.00
67, 0, 1128, 0.00
68, 1, 78, 0.01
69, 0, 300, 0.00
70, 0, 1035, 0.00
71, 1, 1035, 0.00
72, 0, 153, 0.00
73, 0, 666, 0.00
74, 0, 435, 0.00
75, 0, 741, 0.00
76, 1, 8128, 0.00
77, 2, 15051, 0.00
78, 0, 8515, 0.00
79, 2, 15225, 0.00
80, 0, 55, 0.00
81, 0, 595, 0.00
82, 0, 378, 0.00
83, 0, 325, 0.00
84, 0, 465, 0.00
85, 0, 6216, 0.00
86, 0, 1225, 0.00
87, 0, 5995, 0.00
88, 0, 66, 0.00
89, 0, 210, 0.00
90, 0, 91, 0.00
91, 0, 120, 0.00
92, 0, 9180, 0.00
93, 8, 77028, 0.00
94, 1, 7875, 0.00
95, 2, 48205, 0.00
96, 1, 210, 0.00
97, 0, 105, 0.00
98, 0, 300, 0.00
99, 0, 666, 0.00
100, 0, 36, 0.00
101, 0, 21, 0.00
102, 0, 171, 0.00
103, 0, 210, 0.00
104, 1, 630, 0.00
105, 0, 595, 0.00
106, 0, 7260, 0.00
107, 0, 2850, 0.00
108, 0, 6441, 0.00
109, 0, 21528, 0.00
110, 9, 65703, 0.00
111, 5, 61075, 0.00
112, 0, 6, 0.00
113, 0, 15, 0.00
114, 0, 21, 0.00
115, 0, 10, 0.00
116, 0, 45, 0.00
117, 0, 210, 0.00
118, 1, 45, 0.02
119, 0, 91, 0.00
120, 0, 10, 0.00
121, 0, 28, 0.00
122, 0, 78, 0.00
123, 0, 55, 0.00
124, 4, 3486, 0.00
125, 3, 16471, 0.00
126, 2, 10878, 0.00
127, 3, 27495, 0.00
131, 0, 1, 0.00
139, 0, 1, 0.00
141, 0, 1, 0.00
142, 0, 15, 0.00
143, 0, 15, 0.00
147, 0, 10, 0.00
148, 0, 1, 0.00
149, 0, 15, 0.00
150, 0, 10, 0.00
151, 0, 10, 0.00
153, 0, 3, 0.00
156, 0, 190, 0.00
157, 0, 630, 0.00
158, 0, 496, 0.00
159, 1, 2485, 0.00
167, 0, 3, 0.00
170, 0, 1, 0.00
171, 0, 3, 0.00
172, 0, 3, 0.00
174, 0, 10, 0.00
175, 0, 15, 0.00
179, 0, 10, 0.00
182, 0, 3, 0.00
183, 0, 10, 0.00
185, 0, 1, 0.00
187, 0, 6, 0.00
188, 0, 861, 0.00
189, 0, 4278, 0.00
190, 1, 9591, 0.00
191, 5, 27966, 0.00
192, 1, 91, 0.01
193, 0, 903, 0.00
194, 1, 496, 0.00
195, 0, 300, 0.00
196, 0, 21, 0.00
197, 0, 91, 0.00
198, 0, 45, 0.00
199, 0, 465, 0.00
200, 0, 15, 0.00
201, 0, 3, 0.00
202, 0, 6, 0.00
203, 0, 1, 0.00
204, 0, 78, 0.00
205, 0, 210, 0.00
206, 0, 36, 0.00
207, 0, 91, 0.00
208, 1, 8385, 0.00
209, 1, 10296, 0.00
210, 0, 2415, 0.00
211, 3, 4186, 0.00
212, 0, 4465, 0.00
213, 8, 60726, 0.00
214, 0, 2628, 0.00
215, 2, 12720, 0.00
216, 0, 171, 0.00
217, 0, 91, 0.00
218, 0, 78, 0.00
219, 0, 45, 0.00
220, 3, 7381, 0.00
221, 14, 63903, 0.00
222, 3, 3081, 0.00
223, 0, 7626, 0.00
224, 0, 15, 0.00
225, 0, 10, 0.00
226, 0, 3, 0.00
228, 0, 3, 0.00
229, 0, 3, 0.00
230, 0, 1, 0.00
231, 0, 6, 0.00
233, 0, 1, 0.00
234, 0, 21, 0.00
236, 1, 276, 0.00
237, 0, 91, 0.00
238, 0, 78, 0.00
239, 0, 66, 0.00
240, 0, 300, 0.00
241, 1, 253, 0.00
242, 0, 66, 0.00
243, 1, 78, 0.01
244, 0, 210, 0.00
245, 0, 528, 0.00
246, 0, 66, 0.00
247, 1, 91, 0.01
248, 0, 36, 0.00
249, 0, 10, 0.00
250, 0, 36, 0.00
251, 0, 1, 0.00
252, 3, 1953, 0.00
253, 3, 4560, 0.00
254, 1, 528, 0.00
255, 0, 1770, 0.00
270, 0, 1, 0.00
271, 0, 6, 0.00
286, 0, 3, 0.00
289, 0, 1, 0.00
291, 0, 1, 0.00
293, 0, 1, 0.00
295, 0, 1, 0.00
298, 0, 6, 0.00
299, 0, 21, 0.00
300, 1, 120, 0.01
301, 0, 378, 0.00
302, 0, 861, 0.00
303, 0, 2850, 0.00
305, 0, 1, 0.00
306, 0, 3, 0.00
307, 0, 6, 0.00
309, 0, 1, 0.00
313, 0, 10, 0.00
315, 0, 21, 0.00
316, 0, 1770, 0.00
317, 1, 4851, 0.00
318, 0, 7750, 0.00
319, 0, 29161, 0.00
320, 0, 136, 0.00
321, 0, 153, 0.00
322, 1, 435, 0.00
323, 0, 78, 0.00
324, 0, 28, 0.00
325, 0, 6, 0.00
326, 0, 6, 0.00
327, 0, 3, 0.00
328, 0, 45, 0.00
329, 0, 55, 0.00
330, 0, 253, 0.00
331, 0, 66, 0.00
332, 0, 55, 0.00
333, 0, 136, 0.00
334, 0, 105, 0.00
335, 0, 136, 0.00
336, 1, 10, 0.10
337, 0, 6, 0.00
339, 0, 10, 0.00
340, 0, 28, 0.00
341, 0, 253, 0.00
342, 0, 3, 0.00
343, 0, 36, 0.00
345, 0, 1, 0.00
347, 0, 6, 0.00
348, 0, 120, 0.00
349, 0, 378, 0.00
350, 0, 66, 0.00
351, 4, 465, 0.01
352, 1, 7140, 0.00
353, 0, 2016, 0.00
354, 2, 14365, 0.00
355, 0, 2556, 0.00
356, 0, 66, 0.00
357, 0, 66, 0.00
358, 0, 171, 0.00
359, 0, 136, 0.00
360, 1, 8911, 0.00
361, 0, 2850, 0.00
362, 5, 87990, 0.00
363, 1, 12880, 0.00
364, 0, 7626, 0.00
365, 3, 8385, 0.00
366, 14, 53628, 0.00
367, 5, 18528, 0.00
368, 0, 105, 0.00
369, 0, 6, 0.00
370, 0, 231, 0.00
371, 0, 1, 0.00
372, 0, 36, 0.00
373, 0, 78, 0.00
374, 0, 45, 0.00
375, 0, 36, 0.00
376, 0, 66, 0.00
377, 0, 55, 0.00
378, 0, 210, 0.00
379, 0, 36, 0.00
380, 0, 1431, 0.00
381, 0, 2346, 0.00
382, 1, 2485, 0.00
383, 2, 4005, 0.00
401, 0, 1, 0.00
407, 0, 15, 0.00
410, 0, 1, 0.00
412, 0, 3, 0.00
413, 0, 15, 0.00
414, 0, 10, 0.00
415, 0, 66, 0.00
425, 0, 1, 0.00
426, 0, 1, 0.00
428, 0, 1, 0.00
429, 0, 1, 0.00
430, 0, 36, 0.00
431, 0, 55, 0.00
436, 0, 1, 0.00
443, 0, 1, 0.00
444, 0, 1431, 0.00
445, 0, 3403, 0.00
446, 0, 7503, 0.00
447, 1, 10011, 0.00
448, 0, 15, 0.00
449, 0, 36, 0.00
450, 0, 1, 0.00
451, 0, 1, 0.00
452, 0, 10, 0.00
455, 0, 6, 0.00
458, 0, 1, 0.00
460, 0, 1, 0.00
461, 0, 15, 0.00
463, 0, 1, 0.00
464, 0, 105, 0.00
465, 0, 120, 0.00
466, 0, 45, 0.00
467, 0, 28, 0.00
468, 0, 136, 0.00
469, 0, 351, 0.00
470, 0, 28, 0.00
471, 0, 45, 0.00
472, 0, 15, 0.00
474, 0, 6, 0.00
475, 0, 1, 0.00
476, 0, 91, 0.00
477, 0, 276, 0.00
478, 0, 28, 0.00
479, 1, 91, 0.01
480, 0, 253, 0.00
481, 0, 21, 0.00
482, 0, 210, 0.00
483, 0, 3, 0.00
484, 0, 28, 0.00
485, 0, 1, 0.00
486, 0, 36, 0.00
487, 0, 21, 0.00
488, 0, 91, 0.00
489, 0, 15, 0.00
490, 0, 406, 0.00
491, 0, 3, 0.00
492, 0, 276, 0.00
493, 0, 210, 0.00
494, 0, 595, 0.00
495, 0, 91, 0.00
496, 0, 78, 0.00
497, 0, 15, 0.00
498, 0, 28, 0.00
499, 0, 1, 0.00
500, 0, 253, 0.00
501, 0, 78, 0.00
502, 0, 21, 0.00
503, 0, 28, 0.00
504, 0, 78, 0.00
505, 0, 6, 0.00
506, 0, 36, 0.00
508, 0, 1378, 0.00
509, 2, 990, 0.00
510, 0, 153, 0.00
511, 0, 630, 0.00
515, 0, 1, 0.00
517, 0, 3, 0.00
525, 0, 3, 0.00
529, 0, 1, 0.00
533, 0, 1, 0.00
534, 0, 1, 0.00
535, 0, 10, 0.00
538, 0, 1, 0.00
541, 0, 3, 0.00
558, 0, 1, 0.00
572, 0, 1, 0.00
573, 0, 3, 0.00
575, 0, 66, 0.00
576, 0, 78, 0.00
577, 0, 465, 0.00
578, 0, 120, 0.00
579, 0, 325, 0.00
580, 0, 6, 0.00
581, 0, 6, 0.00
582, 0, 10, 0.00
583, 0, 15, 0.00
584, 0, 21, 0.00
585, 0, 6, 0.00
586, 0, 3, 0.00
588, 0, 91, 0.00
589, 2, 136, 0.01
590, 0, 78, 0.00
591, 0, 45, 0.00
592, 0, 28, 0.00
593, 0, 66, 0.00
594, 0, 45, 0.00
595, 0, 105, 0.00
596, 0, 6, 0.00
597, 0, 78, 0.00
598, 0, 21, 0.00
599, 0, 36, 0.00
600, 0, 1, 0.00
601, 0, 1, 0.00
602, 0, 1, 0.00
603, 0, 1, 0.00
604, 0, 91, 0.00
605, 0, 171, 0.00
606, 0, 21, 0.00
607, 0, 55, 0.00
608, 0, 6, 0.00
609, 0, 21, 0.00
612, 0, 6, 0.00
615, 0, 1, 0.00
616, 1, 36, 0.03
617, 0, 10, 0.00
618, 0, 91, 0.00
619, 0, 10, 0.00
620, 1, 190, 0.01
621, 0, 36, 0.00
622, 0, 325, 0.00
623, 0, 28, 0.00
626, 0, 1, 0.00
627, 0, 1, 0.00
628, 0, 1, 0.00
631, 0, 6, 0.00
633, 0, 6, 0.00
634, 0, 1, 0.00
635, 0, 10, 0.00
636, 0, 105, 0.00
637, 0, 28, 0.00
638, 0, 21, 0.00
639, 0, 28, 0.00
641, 0, 10, 0.00
643, 0, 3, 0.00
645, 0, 6, 0.00
647, 0, 1, 0.00
652, 0, 1, 0.00
655, 0, 1, 0.00
657, 0, 1, 0.00
658, 0, 1, 0.00
659, 0, 3, 0.00
660, 0, 28, 0.00
661, 0, 378, 0.00
662, 0, 28, 0.00
663, 0, 630, 0.00
665, 0, 1, 0.00
667, 0, 1, 0.00
668, 0, 1431, 0.00
669, 0, 7021, 0.00
670, 0, 2415, 0.00
671, 2, 13530, 0.00
675, 0, 1, 0.00
686, 0, 1, 0.00
687, 0, 10, 0.00
692, 0, 1, 0.00
693, 0, 10, 0.00
694, 0, 1, 0.00
697, 0, 3, 0.00
698, 0, 1, 0.00
699, 0, 3, 0.00
700, 0, 231, 0.00
701, 0, 990, 0.00
702, 1, 1830, 0.00
703, 0, 6670, 0.00
704, 0, 406, 0.00
705, 0, 1225, 0.00
706, 0, 1431, 0.00
707, 0, 496, 0.00
708, 0, 28, 0.00
709, 0, 66, 0.00
710, 0, 10, 0.00
711, 0, 21, 0.00
712, 0, 55, 0.00
713, 0, 3, 0.00
714, 0, 6, 0.00
716, 0, 28, 0.00
717, 0, 15, 0.00
720, 0, 10585, 0.00
721, 0, 8256, 0.00
722, 3, 4095, 0.00
723, 0, 2775, 0.00
724, 0, 3828, 0.00
725, 0, 11476, 0.00
726, 1, 1275, 0.00
727, 0, 1326, 0.00
728, 0, 190, 0.00
729, 0, 171, 0.00
730, 0, 15, 0.00
731, 0, 6, 0.00
732, 0, 1275, 0.00
733, 0, 2211, 0.00
734, 0, 55, 0.00
735, 0, 55, 0.00
737, 0, 6, 0.00
738, 0, 10, 0.00
740, 0, 1, 0.00
744, 0, 28, 0.00
745, 0, 6, 0.00
747, 0, 1, 0.00
748, 0, 3, 0.00
749, 0, 6, 0.00
750, 0, 3, 0.00
752, 0, 28, 0.00
753, 0, 28, 0.00
754, 0, 10, 0.00
755, 0, 3, 0.00
756, 0, 91, 0.00
757, 0, 15, 0.00
758, 0, 21, 0.00
759, 0, 3, 0.00
760, 0, 45, 0.00
761, 0, 28, 0.00
762, 0, 1, 0.00
763, 0, 10, 0.00
764, 0, 325, 0.00
765, 0, 300, 0.00
766, 0, 45, 0.00
767, 0, 10, 0.00
799, 0, 1, 0.00
812, 0, 3, 0.00
813, 0, 3, 0.00
814, 0, 6, 0.00
815, 0, 15, 0.00
817, 0, 3, 0.00
819, 0, 1, 0.00
828, 0, 66, 0.00
829, 0, 78, 0.00
830, 0, 105, 0.00
831, 0, 300, 0.00
832, 0, 66, 0.00
833, 0, 66, 0.00
834, 0, 36, 0.00
835, 0, 78, 0.00
837, 0, 3, 0.00
841, 0, 1, 0.00
842, 0, 1, 0.00
844, 0, 6, 0.00
847, 0, 3, 0.00
849, 0, 10, 0.00
853, 0, 1, 0.00
858, 0, 3, 0.00
860, 1, 6, 0.17
861, 0, 6, 0.00
863, 0, 3, 0.00
864, 0, 78, 0.00
865, 0, 10, 0.00
866, 0, 105, 0.00
867, 0, 21, 0.00
870, 0, 15, 0.00
871, 0, 28, 0.00
872, 1, 253, 0.00
873, 0, 21, 0.00
874, 0, 435, 0.00
875, 0, 21, 0.00
876, 0, 66, 0.00
877, 0, 45, 0.00
878, 0, 231, 0.00
879, 0, 45, 0.00
880, 0, 10, 0.00
881, 0, 3, 0.00
882, 0, 1, 0.00
884, 0, 1, 0.00
885, 0, 3, 0.00
887, 0, 1, 0.00
888, 0, 15, 0.00
889, 0, 3, 0.00
890, 0, 21, 0.00
892, 0, 28, 0.00
893, 0, 3, 0.00
894, 0, 15, 0.00
895, 0, 15, 0.00
910, 0, 1, 0.00
915, 0, 10, 0.00
916, 0, 6, 0.00
917, 0, 3, 0.00
918, 0, 3, 0.00
919, 0, 28, 0.00
921, 0, 1, 0.00
924, 0, 36, 0.00
925, 0, 105, 0.00
926, 0, 190, 0.00
927, 0, 171, 0.00
940, 0, 6, 0.00
941, 0, 21, 0.00
942, 0, 1, 0.00
943, 0, 3, 0.00
945, 0, 1, 0.00
948, 0, 1, 0.00
949, 0, 3, 0.00
951, 0, 3, 0.00
953, 0, 1, 0.00
954, 0, 1, 0.00
956, 0, 780, 0.00
957, 0, 1128, 0.00
958, 0, 1431, 0.00
959, 0, 2701, 0.00
960, 0, 21, 0.00
961, 0, 28, 0.00
962, 0, 28, 0.00
964, 0, 1, 0.00
966, 0, 1, 0.00
968, 0, 1, 0.00
970, 0, 10, 0.00
972, 0, 1, 0.00
976, 0, 105, 0.00
977, 0, 28, 0.00
978, 0, 3, 0.00
979, 0, 3, 0.00
980, 0, 153, 0.00
981, 0, 36, 0.00
982, 0, 10, 0.00
983, 0, 6, 0.00
984, 0, 10, 0.00
986, 0, 1, 0.00
988, 0, 66, 0.00
989, 0, 15, 0.00
990, 0, 3, 0.00
992, 0, 28, 0.00
993, 0, 10, 0.00
994, 0, 45, 0.00
995, 0, 21, 0.00
996, 0, 1, 0.00
998, 0, 1, 0.00
1000, 0, 66, 0.00
1001, 0, 6, 0.00
1002, 0, 45, 0.00
1004, 0, 78, 0.00
1005, 0, 1, 0.00
1006, 0, 45, 0.00
1007, 0, 1, 0.00
1008, 0, 45, 0.00
1009, 0, 3, 0.00
1010, 0, 15, 0.00
1012, 0, 45, 0.00
1013, 0, 6, 0.00
1014, 0, 1, 0.00
1016, 0, 78, 0.00
1017, 0, 1, 0.00
1018, 0, 1, 0.00
1020, 0, 91, 0.00
1021, 0, 171, 0.00
1022, 0, 15, 0.00
1023, 0, 6, 0.00
1069, 0, 1, 0.00
1083, 0, 1, 0.00
1084, 0, 1, 0.00
1086, 0, 6, 0.00
1087, 0, 1, 0.00
1088, 0, 120, 0.00
1089, 0, 741, 0.00
1090, 0, 105, 0.00
1091, 0, 171, 0.00
1092, 0, 3, 0.00
1093, 0, 6, 0.00
1094, 0, 6, 0.00
1095, 0, 1, 0.00
1096, 0, 6, 0.00
1098, 0, 6, 0.00
1100, 0, 171, 0.00
1101, 0, 45, 0.00
1102, 0, 276, 0.00
1103, 0, 21, 0.00
1104, 0, 10, 0.00
1105, 0, 10, 0.00
1106, 0, 28, 0.00
1107, 0, 6, 0.00
1108, 0, 1, 0.00
1109, 0, 15, 0.00
1110, 0, 6, 0.00
1111, 0, 45, 0.00
1115, 0, 1, 0.00
1116, 0, 15, 0.00
1117, 1, 406, 0.00
1118, 0, 45, 0.00
1119, 0, 120, 0.00
1120, 0, 36, 0.00
1121, 0, 105, 0.00
1122, 0, 36, 0.00
1123, 0, 120, 0.00
1124, 0, 1, 0.00
1125, 0, 3, 0.00
1127, 0, 6, 0.00
1128, 0, 45, 0.00
1129, 0, 10, 0.00
1130, 0, 153, 0.00
1131, 0, 55, 0.00
1132, 0, 231, 0.00
1133, 0, 15, 0.00
1134, 0, 496, 0.00
1135, 0, 120, 0.00
1136, 0, 10, 0.00
1137, 0, 1, 0.00
1140, 0, 1, 0.00
1141, 0, 3, 0.00
1143, 0, 10, 0.00
1144, 0, 6, 0.00
1145, 0, 15, 0.00
1147, 0, 21, 0.00
1148, 0, 55, 0.00
1149, 0, 91, 0.00
1150, 0, 3, 0.00
1151, 0, 105, 0.00
1165, 0, 1, 0.00
1169, 0, 6, 0.00
1171, 0, 1, 0.00
1173, 0, 10, 0.00
1175, 0, 1, 0.00
1178, 0, 1, 0.00
1180, 0, 1, 0.00
1181, 0, 78, 0.00
1182, 0, 10, 0.00
1183, 0, 10, 0.00
1212, 0, 10, 0.00
1213, 0, 78, 0.00
1214, 0, 45, 0.00
1215, 0, 15, 0.00
1216, 0, 21, 0.00
1217, 0, 78, 0.00
1218, 0, 136, 0.00
1219, 0, 78, 0.00
1220, 0, 6, 0.00
1222, 0, 3, 0.00
1224, 0, 10, 0.00
1225, 0, 3, 0.00
1228, 0, 10, 0.00
1229, 0, 45, 0.00
1230, 0, 3, 0.00
1231, 0, 3, 0.00
1232, 0, 55, 0.00
1233, 0, 21, 0.00
1234, 0, 45, 0.00
1235, 0, 21, 0.00
1236, 0, 210, 0.00
1237, 0, 276, 0.00
1238, 0, 6, 0.00
1239, 0, 15, 0.00
1240, 0, 3, 0.00
1241, 0, 3, 0.00
1242, 0, 1, 0.00
1243, 0, 6, 0.00
1244, 0, 325, 0.00
1245, 2, 465, 0.00
1246, 0, 36, 0.00
1247, 0, 36, 0.00
1248, 0, 3, 0.00
1249, 0, 3, 0.00
1250, 0, 6, 0.00
1252, 0, 1, 0.00
1258, 0, 3, 0.00
1259, 0, 1, 0.00
1260, 0, 1, 0.00
1262, 0, 10, 0.00
1263, 0, 10, 0.00
1264, 0, 36, 0.00
1265, 0, 6, 0.00
1266, 0, 28, 0.00
1269, 0, 1, 0.00
1270, 0, 1, 0.00
1272, 0, 3, 0.00
1273, 0, 3, 0.00
1274, 0, 3, 0.00
1275, 0, 3, 0.00
1276, 1, 55, 0.02
1277, 0, 15, 0.00
1278, 0, 15, 0.00
1279, 0, 3, 0.00
1293, 0, 3, 0.00
1295, 0, 1, 0.00
1310, 0, 3, 0.00
1311, 0, 10, 0.00
1315, 0, 10, 0.00
1316, 0, 1, 0.00
1319, 0, 1, 0.00
1320, 0, 36, 0.00
1321, 0, 15, 0.00
1322, 0, 630, 0.00
1323, 0, 276, 0.00
1324, 1, 861, 0.00
1325, 0, 2775, 0.00
1326, 0, 4371, 0.00
1327, 2, 8385, 0.00
1336, 0, 1, 0.00
1337, 0, 3, 0.00
1338, 0, 6, 0.00
1339, 0, 3, 0.00
1340, 0, 190, 0.00
1341, 0, 780, 0.00
1342, 0, 1035, 0.00
1343, 0, 2628, 0.00
1344, 0, 561, 0.00
1345, 0, 1275, 0.00
1346, 0, 666, 0.00
1347, 0, 406, 0.00
1349, 0, 10, 0.00
1351, 1, 3, 0.33
1352, 0, 15, 0.00
1353, 0, 36, 0.00
1354, 1, 66, 0.02
1355, 0, 36, 0.00
1356, 0, 78, 0.00
1357, 0, 21, 0.00
1358, 0, 3, 0.00
1359, 0, 21, 0.00
1360, 0, 10, 0.00
1361, 0, 1, 0.00
1362, 0, 36, 0.00
1363, 0, 1, 0.00
1364, 0, 105, 0.00
1365, 0, 1, 0.00
1366, 0, 6, 0.00
1369, 0, 6, 0.00
1370, 0, 1, 0.00
1371, 0, 15, 0.00
1372, 0, 28, 0.00
1373, 0, 55, 0.00
1374, 0, 21, 0.00
1375, 0, 1, 0.00
1376, 1, 5671, 0.00
1377, 1, 3570, 0.00
1378, 5, 17766, 0.00
1379, 0, 3655, 0.00
1380, 0, 105, 0.00
1381, 0, 3, 0.00
1382, 0, 120, 0.00
1384, 4, 3828, 0.00
1385, 0, 1378, 0.00
1386, 10, 19110, 0.00
1387, 0, 1653, 0.00
1388, 1, 1953, 0.00
1389, 0, 276, 0.00
1390, 2, 3828, 0.00
1391, 0, 406, 0.00
1392, 1, 253, 0.00
1393, 0, 3, 0.00
1394, 0, 55, 0.00
1396, 0, 21, 0.00
1397, 0, 6, 0.00
1398, 0, 1, 0.00
1399, 0, 1, 0.00
1400, 0, 78, 0.00
1401, 0, 66, 0.00
1402, 0, 45, 0.00
1403, 0, 6, 0.00
1404, 0, 210, 0.00
1405, 0, 136, 0.00
1406, 1, 171, 0.01
1407, 0, 120, 0.00
1410, 0, 1, 0.00
1411, 0, 1, 0.00
1419, 0, 1, 0.00
1424, 0, 1, 0.00
1430, 0, 1, 0.00
1436, 0, 1, 0.00
1437, 0, 1, 0.00
1438, 0, 1, 0.00
1439, 0, 1, 0.00
1440, 0, 1, 0.00
1443, 0, 1, 0.00
1445, 0, 3, 0.00
1448, 0, 1, 0.00
1449, 0, 3, 0.00
1451, 0, 1, 0.00
1452, 0, 3, 0.00
1453, 0, 120, 0.00
1454, 0, 55, 0.00
1455, 0, 55, 0.00
1457, 0, 1, 0.00
1459, 0, 1, 0.00
1460, 0, 3, 0.00
1461, 0, 1, 0.00
1463, 0, 3, 0.00
1464, 0, 3, 0.00
1465, 0, 6, 0.00
1466, 0, 1, 0.00
1467, 0, 21, 0.00
1468, 0, 406, 0.00
1469, 0, 990, 0.00
1470, 0, 1035, 0.00
1471, 0, 2926, 0.00
1472, 0, 10, 0.00
1473, 0, 6, 0.00
1474, 0, 6, 0.00
1475, 0, 1, 0.00
1480, 0, 6, 0.00
1481, 0, 1, 0.00
1482, 0, 36, 0.00
1484, 0, 1, 0.00
1485, 0, 3, 0.00
1488, 0, 91, 0.00
1490, 0, 15, 0.00
1491, 0, 3, 0.00
1492, 0, 28, 0.00
1493, 0, 3, 0.00
1494, 0, 1, 0.00
1496, 0, 1, 0.00
1500, 0, 36, 0.00
1501, 0, 28, 0.00
1504, 0, 136, 0.00
1505, 0, 45, 0.00
1506, 0, 21, 0.00
1507, 0, 1, 0.00
1508, 0, 10, 0.00
1509, 0, 6, 0.00
1512, 0, 21, 0.00
1513, 0, 28, 0.00
1514, 0, 120, 0.00
1515, 0, 6, 0.00
1516, 0, 55, 0.00
1517, 0, 28, 0.00
1518, 0, 10, 0.00
1520, 0, 351, 0.00
1521, 0, 66, 0.00
1522, 0, 190, 0.00
1524, 0, 91, 0.00
1525, 0, 3, 0.00
1528, 0, 45, 0.00
1529, 0, 10, 0.00
1530, 0, 21, 0.00
1531, 0, 1, 0.00
1532, 0, 66, 0.00
1533, 0, 78, 0.00
1534, 0, 10, 0.00
1535, 0, 3, 0.00
1539, 0, 10, 0.00
1546, 0, 1, 0.00
1555, 0, 1, 0.00
1559, 0, 1, 0.00
1562, 0, 1, 0.00
1563, 0, 15, 0.00
1566, 0, 1, 0.00
1567, 0, 10, 0.00
1570, 0, 6, 0.00
1575, 0, 1, 0.00
1576, 0, 1, 0.00
1577, 0, 1, 0.00
1579, 0, 15, 0.00
1580, 0, 1, 0.00
1583, 0, 1, 0.00
1596, 0, 1, 0.00
1598, 0, 15, 0.00
1599, 0, 28, 0.00
1600, 1, 7626, 0.00
1601, 1, 3655, 0.00
1602, 0, 1540, 0.00
1603, 0, 300, 0.00
1604, 0, 351, 0.00
1605, 0, 36, 0.00
1606, 0, 10, 0.00
1607, 0, 6, 0.00
1608, 0, 78, 0.00
1609, 0, 28, 0.00
1610, 0, 1, 0.00
1611, 0, 1, 0.00
1612, 0, 171, 0.00
1613, 0, 55, 0.00
1614, 0, 15, 0.00
1615, 0, 3, 0.00
1616, 0, 36, 0.00
1617, 0, 55, 0.00
1618, 0, 28, 0.00
1619, 0, 28, 0.00
1620, 0, 55, 0.00
1621, 0, 10, 0.00
1622, 0, 10, 0.00
1623, 0, 1, 0.00
1624, 0, 10, 0.00
1625, 0, 1, 0.00
1626, 0, 1, 0.00
1628, 0, 91, 0.00
1629, 0, 21, 0.00
1630, 0, 3, 0.00
1631, 0, 6, 0.00
1632, 0, 66, 0.00
1633, 0, 55, 0.00
1634, 0, 91, 0.00
1635, 0, 15, 0.00
1636, 0, 28, 0.00
1637, 0, 28, 0.00
1638, 0, 3, 0.00
1640, 0, 45, 0.00
1641, 0, 28, 0.00
1642, 0, 36, 0.00
1643, 0, 6, 0.00
1644, 0, 378, 0.00
1645, 0, 210, 0.00
1646, 0, 36, 0.00
1647, 0, 15, 0.00
1649, 0, 3, 0.00
1650, 0, 3, 0.00
1652, 0, 6, 0.00
1653, 0, 3, 0.00
1656, 0, 1, 0.00
1658, 0, 1, 0.00
1659, 0, 3, 0.00
1660, 0, 21, 0.00
1661, 0, 1, 0.00
1662, 0, 3, 0.00
1663, 0, 1, 0.00
1665, 0, 6, 0.00
1667, 0, 21, 0.00
1671, 0, 1, 0.00
1673, 0, 3, 0.00
1674, 0, 1, 0.00
1677, 0, 3, 0.00
1679, 0, 15, 0.00
1680, 0, 171, 0.00
1681, 0, 325, 0.00
1682, 0, 36, 0.00
1683, 0, 496, 0.00
1684, 1, 561, 0.00
1685, 0, 8646, 0.00
1686, 0, 210, 0.00
1687, 0, 1431, 0.00
1688, 0, 3, 0.00
1689, 0, 21, 0.00
1690, 0, 1, 0.00
1691, 0, 1, 0.00
1692, 0, 1485, 0.00
1693, 0, 7260, 0.00
1694, 0, 1891, 0.00
1695, 0, 5565, 0.00
1696, 0, 3, 0.00
1698, 0, 3, 0.00
1702, 0, 1, 0.00
1705, 0, 1, 0.00
1710, 0, 6, 0.00
1711, 0, 3, 0.00
1712, 0, 3, 0.00
1713, 0, 1, 0.00
1714, 0, 6, 0.00
1715, 0, 45, 0.00
1716, 0, 10, 0.00
1717, 0, 78, 0.00
1718, 0, 36, 0.00
1719, 0, 36, 0.00
1720, 0, 1, 0.00
1721, 0, 1, 0.00
1723, 0, 3, 0.00
1724, 0, 325, 0.00
1725, 0, 903, 0.00
1726, 0, 435, 0.00
1727, 0, 1596, 0.00
1728, 1, 4656, 0.00
1729, 1, 2556, 0.00
1730, 0, 3003, 0.00
1731, 1, 703, 0.00
1732, 0, 120, 0.00
1733, 0, 15, 0.00
1734, 0, 78, 0.00
1736, 1, 136, 0.01
1737, 0, 45, 0.00
1738, 0, 10, 0.00
1739, 0, 3, 0.00
1740, 0, 253, 0.00
1741, 0, 15, 0.00
1742, 0, 66, 0.00
1744, 1, 7626, 0.00
1745, 0, 2850, 0.00
1746, 1, 2485, 0.00
1747, 0, 595, 0.00
1748, 0, 1891, 0.00
1749, 0, 666, 0.00
1750, 0, 153, 0.00
1751, 0, 55, 0.00
1752, 0, 171, 0.00
1753, 0, 36, 0.00
1754, 0, 10, 0.00
1755, 0, 3, 0.00
1756, 0, 1176, 0.00
1757, 0, 153, 0.00
1758, 0, 28, 0.00
1759, 0, 6, 0.00
1760, 0, 136, 0.00
1761, 0, 10, 0.00
1762, 0, 15, 0.00
1764, 0, 3, 0.00
1766, 0, 1, 0.00
1768, 0, 21, 0.00
1769, 0, 6, 0.00
1770, 0, 3, 0.00
1772, 0, 55, 0.00
1774, 0, 6, 0.00
1776, 0, 378, 0.00
1777, 0, 78, 0.00
1778, 0, 28, 0.00
1779, 0, 28, 0.00
1780, 0, 28, 0.00
1781, 0, 3, 0.00
1782, 0, 1, 0.00
1784, 0, 21, 0.00
1786, 0, 21, 0.00
1787, 0, 6, 0.00
1788, 0, 36, 0.00
1789, 0, 10, 0.00
1790, 0, 15, 0.00
1791, 0, 1, 0.00
1795, 0, 15, 0.00
1798, 0, 3, 0.00
1799, 0, 36, 0.00
1802, 0, 3, 0.00
1805, 0, 3, 0.00
1807, 0, 28, 0.00
1809, 0, 3, 0.00
1815, 0, 1, 0.00
1819, 0, 1, 0.00
1822, 0, 3, 0.00
1823, 1, 36, 0.03
1824, 1, 171, 0.01
1825, 0, 66, 0.00
1826, 0, 435, 0.00
1827, 0, 435, 0.00
1828, 0, 1, 0.00
1829, 0, 10, 0.00
1830, 0, 3, 0.00
1831, 0, 36, 0.00
1832, 1, 1653, 0.00
1833, 0, 1653, 0.00
1834, 2, 4950, 0.00
1835, 0, 1830, 0.00
1836, 0, 1485, 0.00
1837, 0, 2628, 0.00
1838, 1, 3321, 0.00
1839, 1, 7381, 0.00
1840, 0, 1, 0.00
1841, 0, 3, 0.00
1842, 0, 3, 0.00
1843, 0, 6, 0.00
1844, 0, 3, 0.00
1846, 0, 15, 0.00
1847, 0, 3, 0.00
1848, 0, 28, 0.00
1849, 0, 15, 0.00
1850, 0, 45, 0.00
1851, 0, 91, 0.00
1852, 0, 325, 0.00
1853, 0, 666, 0.00
1854, 0, 1596, 0.00
1855, 1, 3003, 0.00
1856, 3, 10731, 0.00
1857, 0, 3081, 0.00
1858, 1, 3160, 0.00
1859, 0, 903, 0.00
1860, 0, 91, 0.00
1861, 0, 15, 0.00
1862, 0, 45, 0.00
1863, 0, 21, 0.00
1864, 0, 105, 0.00
1865, 0, 28, 0.00
1866, 0, 21, 0.00
1867, 0, 21, 0.00
1868, 0, 10, 0.00
1869, 0, 6, 0.00
1870, 0, 6, 0.00
1871, 0, 3, 0.00
1872, 0, 153, 0.00
1873, 0, 10, 0.00
1874, 0, 21, 0.00
1876, 0, 55, 0.00
1877, 0, 15, 0.00
1878, 0, 6, 0.00
1879, 0, 1, 0.00
1880, 0, 21, 0.00
1881, 0, 1, 0.00
1882, 0, 1, 0.00
1884, 0, 91, 0.00
1885, 0, 6, 0.00
1886, 0, 6, 0.00
1888, 1, 6786, 0.00
1889, 0, 2628, 0.00
1890, 0, 7626, 0.00
1891, 1, 741, 0.00
1892, 0, 171, 0.00
1893, 0, 45, 0.00
1894, 0, 253, 0.00
1895, 0, 3, 0.00
1896, 1, 1225, 0.00
1897, 0, 171, 0.00
1898, 2, 2485, 0.00
1899, 0, 210, 0.00
1900, 1, 990, 0.00
1901, 0, 231, 0.00
1902, 3, 1081, 0.00
1903, 0, 105, 0.00
1904, 0, 66, 0.00
1905, 0, 28, 0.00
1906, 0, 91, 0.00
1907, 0, 3, 0.00
1908, 0, 21, 0.00
1909, 0, 28, 0.00
1910, 0, 6, 0.00
1912, 0, 45, 0.00
1913, 0, 10, 0.00
1914, 0, 21, 0.00
1916, 0, 171, 0.00
1917, 0, 66, 0.00
1918, 2, 231, 0.01
1919, 0, 3, 0.00
1920, 0, 36, 0.00
1921, 0, 15, 0.00
1922, 0, 21, 0.00
1923, 0, 190, 0.00
1924, 0, 3, 0.00
1925, 0, 6, 0.00
1926, 0, 6, 0.00
1929, 0, 3, 0.00
1930, 0, 3, 0.00
1931, 0, 6, 0.00
1933, 0, 3, 0.00
1934, 0, 10, 0.00
1935, 0, 6, 0.00
1936, 0, 1485, 0.00
1937, 0, 2278, 0.00
1938, 2, 1225, 0.00
1939, 0, 1540, 0.00
1940, 0, 325, 0.00
1941, 0, 2556, 0.00
1942, 0, 210, 0.00
1943, 0, 496, 0.00
1944, 0, 28, 0.00
1945, 0, 253, 0.00
1946, 0, 3, 0.00
1947, 0, 91, 0.00
1948, 0, 300, 0.00
1949, 0, 1540, 0.00
1950, 0, 946, 0.00
1951, 0, 1378, 0.00
1952, 0, 741, 0.00
1953, 0, 190, 0.00
1954, 0, 3003, 0.00
1955, 0, 1653, 0.00
1956, 0, 3, 0.00
1957, 0, 28, 0.00
1958, 0, 66, 0.00
1959, 0, 6, 0.00
1960, 0, 210, 0.00
1961, 0, 210, 0.00
1962, 1, 1128, 0.00
1963, 0, 595, 0.00
1964, 0, 351, 0.00
1965, 0, 1128, 0.00
1966, 0, 903, 0.00
1967, 1, 666, 0.00
1968, 0, 1225, 0.00
1969, 0, 2016, 0.00
1970, 0, 2278, 0.00
1971, 0, 2926, 0.00
1972, 0, 253, 0.00
1973, 0, 780, 0.00
1974, 0, 946, 0.00
1975, 0, 703, 0.00
1976, 0, 351, 0.00
1977, 1, 1176, 0.00
1978, 0, 666, 0.00
1979, 0, 780, 0.00
1980, 0, 3570, 0.00
1981, 0, 14706, 0.00
1982, 0, 14365, 0.00
1983, 2, 15931, 0.00
1984, 2, 5565, 0.00
1985, 0, 990, 0.00
1986, 1, 1176, 0.00
1987, 0, 120, 0.00
1988, 0, 66, 0.00
1989, 0, 10, 0.00
1990, 0, 15, 0.00
1992, 0, 105, 0.00
1993, 0, 21, 0.00
1994, 0, 78, 0.00
1996, 0, 36, 0.00
1997, 0, 1, 0.00
1998, 0, 10, 0.00
2000, 1, 1485, 0.00
2001, 0, 105, 0.00
2002, 0, 276, 0.00
2003, 0, 1, 0.00
2004, 0, 120, 0.00
2005, 0, 6, 0.00
2006, 0, 28, 0.00
2008, 0, 66, 0.00
2009, 0, 1, 0.00
2010, 0, 15, 0.00
2011, 0, 1, 0.00
2012, 0, 190, 0.00
2013, 0, 6, 0.00
2014, 0, 15, 0.00
2016, 0, 2145, 0.00
2017, 0, 231, 0.00
2018, 1, 351, 0.00
2019, 0, 28, 0.00
2020, 1, 55, 0.02
2021, 0, 6, 0.00
2022, 0, 15, 0.00
2023, 0, 1, 0.00
2024, 0, 120, 0.00
2025, 0, 21, 0.00
2026, 0, 210, 0.00
2027, 0, 1, 0.00
2028, 0, 55, 0.00
2029, 0, 15, 0.00
2030, 0, 91, 0.00
2032, 0, 1431, 0.00
2033, 0, 105, 0.00
2034, 0, 231, 0.00
2035, 0, 3, 0.00
2036, 0, 190, 0.00
2037, 0, 55, 0.00
2038, 0, 3, 0.00
2040, 0, 231, 0.00
2041, 0, 45, 0.00
2042, 0, 91, 0.00
2044, 0, 1225, 0.00
2045, 0, 325, 0.00
2046, 0, 190, 0.00
2047, 0, 10, 0.00
2051, 0, 1, 0.00
2053, 0, 10, 0.00
2055, 0, 10, 0.00
2061, 0, 3, 0.00
2062, 0, 3, 0.00
2063, 0, 6, 0.00
2066, 0, 1, 0.00
2067, 0, 1, 0.00
2069, 0, 6, 0.00
2071, 0, 78, 0.00
2076, 0, 1, 0.00
2077, 0, 10, 0.00
2078, 0, 21, 0.00
2079, 0, 78, 0.00
2083, 0, 3, 0.00
2087, 0, 6, 0.00
2091, 0, 1, 0.00
2093, 0, 3, 0.00
2094, 0, 15, 0.00
2095, 0, 45, 0.00
2102, 0, 3, 0.00
2103, 0, 1, 0.00
2105, 0, 1, 0.00
2106, 0, 6, 0.00
2107, 0, 15, 0.00
2108, 0, 21, 0.00
2109, 0, 190, 0.00
2110, 0, 253, 0.00
2111, 0, 1485, 0.00
2112, 0, 210, 0.00
2113, 0, 1128, 0.00
2114, 0, 666, 0.00
2115, 0, 820, 0.00
2116, 0, 171, 0.00
2117, 0, 465, 0.00
2118, 1, 741, 0.00
2119, 0, 378, 0.00
2120, 0, 190, 0.00
2121, 0, 171, 0.00
2122, 0, 465, 0.00
2123, 0, 136, 0.00
2124, 0, 2080, 0.00
2125, 0, 2145, 0.00
2126, 0, 2415, 0.00
2127, 1, 1326, 0.00
2128, 0, 741, 0.00
2129, 0, 703, 0.00
2130, 0, 820, 0.00
2131, 0, 820, 0.00
2132, 3, 703, 0.00
2133, 0, 3003, 0.00
2134, 0, 820, 0.00
2135, 0, 1035, 0.00
2136, 0, 55, 0.00
2137, 0, 105, 0.00
2138, 0, 91, 0.00
2139, 0, 105, 0.00
2140, 1, 3916, 0.00
2141, 2, 12246, 0.00
2142, 0, 2278, 0.00
2143, 1, 3655, 0.00
2144, 0, 406, 0.00
2145, 0, 190, 0.00
2146, 0, 703, 0.00
2147, 0, 231, 0.00
2148, 0, 66, 0.00
2149, 0, 153, 0.00
2150, 0, 120, 0.00
2151, 0, 55, 0.00
2152, 0, 1326, 0.00
2153, 2, 351, 0.01
2154, 1, 2485, 0.00
2155, 0, 630, 0.00
2156, 0, 3570, 0.00
2157, 0, 4278, 0.00
2158, 3, 8778, 0.00
2159, 1, 4095, 0.00
2160, 0, 1, 0.00
2161, 0, 1, 0.00
2162, 0, 10, 0.00
2163, 0, 36, 0.00
2164, 0, 3, 0.00
2165, 0, 10, 0.00
2166, 0, 10, 0.00
2167, 0, 28, 0.00
2168, 0, 55, 0.00
2169, 0, 28, 0.00
2170, 0, 10, 0.00
2171, 0, 15, 0.00
2172, 0, 1225, 0.00
2173, 0, 2775, 0.00
2174, 0, 1225, 0.00
2175, 2, 820, 0.00
2177, 0, 3, 0.00
2181, 0, 6, 0.00
2183, 0, 10, 0.00
2188, 0, 3, 0.00
2190, 0, 55, 0.00
2191, 0, 55, 0.00
2193, 0, 1, 0.00
2194, 0, 36, 0.00
2195, 0, 1, 0.00
2197, 0, 45, 0.00
2198, 0, 10, 0.00
2199, 0, 21, 0.00
2202, 0, 10, 0.00
2203, 0, 1, 0.00
2204, 1, 630, 0.00
2205, 0, 2211, 0.00
2206, 2, 2775, 0.00
2207, 0, 6555, 0.00
2215, 0, 1, 0.00
2221, 0, 3, 0.00
2222, 0, 28, 0.00
2223, 0, 45, 0.00
2226, 0, 3, 0.00
2227, 0, 6, 0.00
2228, 0, 1, 0.00
2230, 0, 1, 0.00
2231, 0, 21, 0.00
2232, 0, 1, 0.00
2233, 0, 6, 0.00
2234, 0, 3, 0.00
2235, 0, 28, 0.00
2236, 1, 2926, 0.00
2237, 5, 6903, 0.00
2238, 1, 14878, 0.00
2239, 0, 24310, 0.00
2240, 0, 406, 0.00
2241, 0, 666, 0.00
2242, 1, 595, 0.00
2243, 0, 276, 0.00
2244, 1, 78, 0.01
2245, 1, 253, 0.00
2246, 0, 66, 0.00
2247, 1, 36, 0.03
2248, 0, 1, 0.00
2249, 0, 3, 0.00
2250, 0, 10, 0.00
2252, 0, 45, 0.00
2253, 0, 231, 0.00
2254, 0, 10, 0.00
2255, 0, 6, 0.00
2256, 3, 12403, 0.00
2257, 2, 12880, 0.00
2258, 0, 3655, 0.00
2259, 0, 1431, 0.00
2260, 5, 17205, 0.00
2261, 7, 57291, 0.00
2262, 0, 2080, 0.00
2263, 0, 2415, 0.00
2264, 0, 171, 0.00
2265, 0, 153, 0.00
2266, 0, 36, 0.00
2267, 0, 6, 0.00
2268, 0, 7503, 0.00
2269, 5, 19306, 0.00
2270, 0, 496, 0.00
2271, 0, 703, 0.00
2276, 0, 10, 0.00
2277, 0, 1, 0.00
2280, 0, 1, 0.00
2281, 0, 3, 0.00
2282, 0, 10, 0.00
2284, 0, 15, 0.00
2285, 0, 6, 0.00
2286, 0, 3, 0.00
2287, 0, 6, 0.00
2288, 0, 120, 0.00
2289, 0, 36, 0.00
2290, 0, 91, 0.00
2291, 0, 15, 0.00
2292, 0, 28, 0.00
2293, 0, 136, 0.00
2294, 0, 6, 0.00
2295, 0, 10, 0.00
2296, 0, 1, 0.00
2297, 0, 15, 0.00
2298, 0, 21, 0.00
2299, 0, 1, 0.00
2300, 0, 253, 0.00
2301, 0, 990, 0.00
2302, 0, 105, 0.00
2303, 0, 78, 0.00
2304, 0, 1, 0.00
2305, 0, 1, 0.00
2306, 0, 1, 0.00
2319, 0, 1, 0.00
2327, 0, 1, 0.00
2337, 0, 3, 0.00
2338, 0, 28, 0.00
2339, 0, 21, 0.00
2343, 0, 6, 0.00
2344, 0, 1, 0.00
2345, 0, 45, 0.00
2346, 0, 10, 0.00
2347, 0, 28, 0.00
2348, 0, 36, 0.00
2349, 0, 496, 0.00
2350, 0, 171, 0.00
2351, 0, 435, 0.00
2354, 0, 6, 0.00
2355, 0, 1, 0.00
2359, 0, 21, 0.00
2362, 0, 1, 0.00
2363, 0, 1, 0.00
2364, 0, 1225, 0.00
2365, 0, 2016, 0.00
2366, 0, 2211, 0.00
2367, 0, 5460, 0.00
2368, 1, 465, 0.00
2369, 1, 276, 0.00
2370, 1, 666, 0.00
2371, 0, 406, 0.00
2372, 0, 36, 0.00
2373, 0, 3, 0.00
2374, 0, 28, 0.00
2375, 0, 6, 0.00
2376, 0, 78, 0.00
2377, 0, 78, 0.00
2378, 0, 136, 0.00
2379, 0, 36, 0.00
2380, 0, 6, 0.00
2381, 0, 21, 0.00
2382, 0, 78, 0.00
2384, 0, 10, 0.00
2386, 0, 15, 0.00
2388, 0, 45, 0.00
2389, 0, 3, 0.00
2390, 0, 6, 0.00
2392, 0, 3, 0.00
2394, 0, 3, 0.00
2396, 0, 15, 0.00
2397, 0, 28, 0.00
2398, 0, 45, 0.00
2400, 2, 3486, 0.00
2401, 1, 378, 0.00
2402, 0, 4851, 0.00
2403, 1, 1596, 0.00
2404, 0, 78, 0.00
2405, 0, 55, 0.00
2406, 0, 105, 0.00
2407, 0, 1, 0.00
2408, 0, 3741, 0.00
2409, 1, 820, 0.00
2410, 0, 7875, 0.00
2411, 0, 861, 0.00
2412, 0, 2346, 0.00
2413, 0, 630, 0.00
2414, 3, 2485, 0.00
2415, 0, 300, 0.00
2416, 0, 10, 0.00
2417, 0, 1, 0.00
2418, 0, 28, 0.00
2419, 0, 1, 0.00
2420, 0, 21, 0.00
2421, 0, 6, 0.00
2422, 0, 1, 0.00
2424, 0, 10, 0.00
2425, 0, 21, 0.00
2426, 0, 3, 0.00
2428, 0, 120, 0.00
2429, 0, 276, 0.00
2430, 0, 231, 0.00
2431, 0, 120, 0.00
2448, 0, 1, 0.00
2450, 0, 6, 0.00
2453, 0, 1, 0.00
2455, 0, 3, 0.00
2460, 0, 10, 0.00
2461, 0, 1, 0.00
2462, 0, 3, 0.00
2463, 0, 10, 0.00
2466, 0, 6, 0.00
2473, 0, 15, 0.00
2475, 0, 1, 0.00
2476, 0, 21, 0.00
2477, 0, 15, 0.00
2478, 0, 66, 0.00
2479, 0, 10, 0.00
2483, 0, 3, 0.00
2487, 0, 15, 0.00
2489, 0, 28, 0.00
2490, 0, 1, 0.00
2491, 0, 55, 0.00
2492, 0, 2850, 0.00
2493, 3, 7750, 0.00
2494, 0, 3321, 0.00
2495, 0, 4371, 0.00
2496, 0, 28, 0.00
2497, 0, 36, 0.00
2498, 0, 15, 0.00
2499, 0, 21, 0.00
2501, 1, 6, 0.17
2504, 0, 3, 0.00
2506, 0, 28, 0.00
2509, 1, 15, 0.07
2512, 0, 190, 0.00
2513, 0, 45, 0.00
2514, 0, 36, 0.00
2515, 0, 10, 0.00
2516, 0, 55, 0.00
2517, 0, 36, 0.00
2518, 0, 6, 0.00
2522, 0, 3, 0.00
2523, 0, 1, 0.00
2524, 0, 66, 0.00
2525, 0, 55, 0.00
2526, 0, 21, 0.00
2527, 0, 3, 0.00
2528, 0, 66, 0.00
2529, 0, 15, 0.00
2530, 0, 78, 0.00
2531, 0, 45, 0.00
2532, 0, 36, 0.00
2536, 0, 10, 0.00
2537, 0, 36, 0.00
2538, 0, 105, 0.00
2539, 0, 10, 0.00
2540, 0, 55, 0.00
2541, 0, 1, 0.00
2542, 0, 15, 0.00
2544, 0, 21, 0.00
2545, 0, 3, 0.00
2546, 0, 21, 0.00
2548, 0, 136, 0.00
2549, 0, 36, 0.00
2550, 0, 21, 0.00
2551, 0, 10, 0.00
2552, 0, 15, 0.00
2553, 0, 10, 0.00
2555, 0, 1, 0.00
2556, 0, 300, 0.00
2557, 0, 36, 0.00
2558, 0, 55, 0.00
2559, 0, 10, 0.00
2563, 0, 1, 0.00
2565, 0, 3, 0.00
2571, 0, 3, 0.00
2572, 0, 1, 0.00
2577, 0, 6, 0.00
2579, 0, 3, 0.00
2581, 0, 21, 0.00
2583, 0, 3, 0.00
2587, 0, 3, 0.00
2588, 0, 3, 0.00
2589, 0, 15, 0.00
2590, 0, 1, 0.00
2591, 0, 15, 0.00
2620, 0, 15, 0.00
2621, 0, 10, 0.00
2622, 0, 1, 0.00
2623, 0, 1, 0.00
2624, 0, 276, 0.00
2625, 0, 351, 0.00
2626, 0, 595, 0.00
2627, 0, 210, 0.00
2628, 0, 1, 0.00
2629, 0, 10, 0.00
2630, 0, 28, 0.00
2632, 0, 1, 0.00
2633, 0, 3, 0.00
2634, 0, 10, 0.00
2636, 0, 10, 0.00
2637, 0, 3, 0.00
2640, 0, 210, 0.00
2641, 0, 120, 0.00
2642, 0, 55, 0.00
2643, 0, 21, 0.00
2644, 0, 45, 0.00
2645, 0, 45, 0.00
2646, 0, 55, 0.00
2648, 0, 15, 0.00
2649, 0, 3, 0.00
2650, 0, 1, 0.00
2652, 0, 66, 0.00
2653, 0, 36, 0.00
2654, 0, 10, 0.00
2655, 0, 3, 0.00
2656, 0, 3, 0.00
2657, 1, 10, 0.10
2658, 0, 3, 0.00
2659, 0, 1, 0.00
2661, 0, 3, 0.00
2664, 0, 3, 0.00
2665, 0, 1, 0.00
2666, 0, 10, 0.00
2668, 0, 21, 0.00
2669, 0, 1, 0.00
2670, 0, 36, 0.00
2671, 0, 1, 0.00
2672, 0, 6, 0.00
2673, 0, 6, 0.00
2674, 0, 10, 0.00
2675, 0, 6, 0.00
2676, 0, 15, 0.00
2677, 0, 10, 0.00
2680, 0, 6, 0.00
2681, 0, 15, 0.00
2682, 0, 3, 0.00
2684, 0, 120, 0.00
2685, 0, 28, 0.00
2686, 0, 66, 0.00
2687, 0, 1, 0.00
2688, 0, 1, 0.00
2689, 0, 28, 0.00
2691, 0, 36, 0.00
2693, 0, 3, 0.00
2695, 0, 28, 0.00
2698, 0, 1, 0.00
2700, 0, 1, 0.00
2701, 0, 6, 0.00
2702, 0, 3, 0.00
2703, 0, 6, 0.00
2704, 0, 6, 0.00
2705, 0, 45, 0.00
2706, 0, 6, 0.00
2707, 0, 28, 0.00
2708, 0, 435, 0.00
2709, 1, 4371, 0.00
2710, 1, 78, 0.01
2711, 0, 1035, 0.00
2713, 0, 1, 0.00
2714, 0, 6, 0.00
2715, 0, 1, 0.00
2716, 1, 5151, 0.00
2717, 1, 31878, 0.00
2718, 5, 6555, 0.00
2719, 1, 17391, 0.00
2720, 0, 1, 0.00
2726, 0, 6, 0.00
2727, 0, 1, 0.00
2730, 0, 36, 0.00
2734, 0, 6, 0.00
2735, 0, 15, 0.00
2737, 0, 3, 0.00
2738, 0, 6, 0.00
2739, 0, 3, 0.00
2740, 0, 1, 0.00
2741, 0, 15, 0.00
2742, 0, 15, 0.00
2743, 0, 6, 0.00
2744, 0, 1, 0.00
2745, 0, 21, 0.00
2746, 0, 36, 0.00
2747, 0, 120, 0.00
2748, 0, 861, 0.00
2749, 0, 2080, 0.00
2750, 0, 4186, 0.00
2751, 0, 1953, 0.00
2752, 1, 6105, 0.00
2753, 0, 7626, 0.00
2754, 0, 2926, 0.00
2755, 1, 595, 0.00
2756, 0, 153, 0.00
2757, 2, 171, 0.01
2758, 0, 1, 0.00
2759, 0, 3, 0.00
2760, 0, 190, 0.00
2761, 0, 36, 0.00
2762, 0, 10, 0.00
2763, 0, 1, 0.00
2764, 0, 28, 0.00
2765, 1, 55, 0.02
2766, 0, 1, 0.00
2768, 9, 77421, 0.00
2769, 5, 46665, 0.00
2770, 0, 5356, 0.00
2771, 0, 3570, 0.00
2772, 5, 16471, 0.00
2773, 4, 30381, 0.00
2774, 0, 496, 0.00
2775, 0, 465, 0.00
2776, 0, 703, 0.00
2777, 0, 406, 0.00
2778, 0, 28, 0.00
2779, 0, 15, 0.00
2780, 2, 3003, 0.00
2781, 2, 3570, 0.00
2782, 0, 136, 0.00
2783, 0, 45, 0.00
2784, 0, 15, 0.00
2785, 0, 55, 0.00
2786, 0, 21, 0.00
2787, 1, 28, 0.04
2788, 0, 6, 0.00
2789, 0, 15, 0.00
2791, 0, 1, 0.00
2792, 0, 1, 0.00
2793, 0, 1, 0.00
2796, 0, 10, 0.00
2797, 0, 6, 0.00
2799, 0, 1, 0.00
2800, 0, 276, 0.00
2801, 0, 136, 0.00
2802, 0, 105, 0.00
2803, 0, 6, 0.00
2804, 0, 91, 0.00
2805, 0, 66, 0.00
2806, 0, 28, 0.00
2808, 0, 15, 0.00
2809, 0, 3, 0.00
2810, 0, 45, 0.00
2811, 0, 1, 0.00
2812, 1, 406, 0.00
2813, 0, 105, 0.00
2814, 0, 21, 0.00
2815, 0, 3, 0.00
2817, 0, 1, 0.00
2828, 0, 3, 0.00
2830, 0, 3, 0.00
2831, 0, 3, 0.00
2846, 0, 1, 0.00
2847, 0, 1, 0.00
2849, 0, 3, 0.00
2850, 0, 6, 0.00
2851, 0, 1, 0.00
2853, 0, 1, 0.00
2854, 0, 3, 0.00
2855, 0, 1, 0.00
2856, 0, 1, 0.00
2858, 0, 15, 0.00
2860, 0, 1, 0.00
2861, 0, 3, 0.00
2862, 0, 15, 0.00
2863, 1, 28, 0.04
2865, 0, 10, 0.00
2867, 0, 3, 0.00
2869, 0, 1, 0.00
2873, 0, 3, 0.00
2875, 0, 15, 0.00
2876, 0, 15, 0.00
2877, 0, 36, 0.00
2878, 0, 21, 0.00
2879, 0, 55, 0.00
2880, 0, 91, 0.00
2881, 0, 171, 0.00
2882, 0, 55, 0.00
2883, 0, 21, 0.00
2885, 0, 15, 0.00
2886, 0, 1, 0.00
2887, 0, 1, 0.00
2888, 0, 1, 0.00
2889, 0, 1, 0.00
2890, 0, 6, 0.00
2892, 0, 1, 0.00
2893, 0, 6, 0.00
2896, 0, 3, 0.00
2898, 0, 6, 0.00
2899, 0, 3, 0.00
2900, 0, 1, 0.00
2901, 0, 36, 0.00
2903, 0, 1, 0.00
2904, 0, 1, 0.00
2906, 0, 3, 0.00
2908, 0, 3, 0.00
2909, 0, 1, 0.00
2910, 0, 1, 0.00
2912, 0, 91, 0.00
2913, 0, 15, 0.00
2914, 0, 28, 0.00
2915, 0, 21, 0.00
2920, 0, 10, 0.00
2921, 0, 6, 0.00
2922, 0, 45, 0.00
2923, 0, 6, 0.00
2924, 0, 28, 0.00
2925, 0, 3, 0.00
2926, 0, 6, 0.00
2927, 0, 10, 0.00
2928, 0, 1, 0.00
2930, 0, 1, 0.00
2931, 1, 6, 0.17
2933, 0, 3, 0.00
2936, 0, 1, 0.00
2940, 0, 21, 0.00
2941, 0, 1, 0.00
2942, 0, 3, 0.00
2944, 0, 15, 0.00
2945, 0, 3, 0.00
2946, 0, 3, 0.00
2947, 0, 10, 0.00
2960, 0, 1, 0.00
2961, 0, 1, 0.00
2962, 0, 10, 0.00
2963, 1, 21, 0.05
2964, 0, 6, 0.00
2965, 0, 36, 0.00
2966, 0, 10, 0.00
2967, 0, 55, 0.00
2971, 0, 3, 0.00
2972, 0, 105, 0.00
2973, 0, 190, 0.00
2974, 0, 105, 0.00
2975, 0, 66, 0.00
2976, 0, 1, 0.00
2977, 0, 3, 0.00
2978, 0, 10, 0.00
2979, 0, 10, 0.00
2983, 0, 1, 0.00
2985, 0, 1, 0.00
2986, 0, 28, 0.00
2988, 0, 6, 0.00
2989, 0, 1, 0.00
2990, 0, 45, 0.00
2991, 0, 3, 0.00
2993, 0, 10, 0.00
2994, 0, 1, 0.00
2995, 0, 28, 0.00
2997, 0, 28, 0.00
2999, 0, 45, 0.00
3001, 0, 55, 0.00
3002, 0, 15, 0.00
3003, 0, 10, 0.00
3004, 0, 946, 0.00
3005, 0, 2775, 0.00
3006, 0, 630, 0.00
3007, 0, 946, 0.00
3008, 0, 45, 0.00
3009, 0, 28, 0.00
3010, 0, 15, 0.00
3011, 0, 3, 0.00
3013, 0, 6, 0.00
3014, 0, 1, 0.00
3016, 0, 6, 0.00
3018, 0, 6, 0.00
3020, 0, 1, 0.00
3021, 0, 1, 0.00
3024, 0, 253, 0.00
3025, 0, 78, 0.00
3026, 0, 6, 0.00
3028, 0, 78, 0.00
3029, 0, 55, 0.00
3030, 0, 3, 0.00
3032, 0, 6, 0.00
3034, 0, 1, 0.00
3036, 0, 21, 0.00
3037, 0, 10, 0.00
3038, 0, 3, 0.00
3040, 1, 55, 0.02
3041, 0, 3, 0.00
3042, 0, 36, 0.00
3048, 0, 15, 0.00
3050, 0, 66, 0.00
3052, 0, 28, 0.00
3054, 0, 1, 0.00
3055, 0, 1, 0.00
3056, 0, 15, 0.00
3057, 0, 6, 0.00
3058, 0, 3, 0.00
3059, 0, 1, 0.00
3060, 0, 6, 0.00
3061, 0, 3, 0.00
3064, 0, 6, 0.00
3068, 0, 36, 0.00
3069, 0, 6, 0.00
3070, 0, 1, 0.00
3073, 0, 1, 0.00
3087, 0, 6, 0.00
3093, 0, 1, 0.00
3099, 0, 1, 0.00
3100, 0, 3, 0.00
3102, 0, 1, 0.00
3103, 0, 3, 0.00
3118, 0, 1, 0.00
3119, 0, 1, 0.00
3128, 0, 1, 0.00
3132, 0, 3, 0.00
3134, 0, 6, 0.00
3135, 0, 1, 0.00
3136, 0, 946, 0.00
3137, 0, 528, 0.00
3138, 0, 1081, 0.00
3139, 0, 351, 0.00
3140, 1, 10, 0.10
3141, 0, 1, 0.00
3142, 0, 36, 0.00
3144, 0, 21, 0.00
3145, 0, 3, 0.00
3146, 0, 6, 0.00
3147, 0, 1, 0.00
3148, 0, 21, 0.00
3149, 0, 10, 0.00
3150, 0, 45, 0.00
3152, 0, 6, 0.00
3153, 0, 10, 0.00
3154, 0, 21, 0.00
3155, 0, 10, 0.00
3156, 0, 1, 0.00
3157, 0, 10, 0.00
3159, 0, 3, 0.00
3162, 0, 1, 0.00
3164, 0, 15, 0.00
3165, 0, 28, 0.00
3166, 0, 10, 0.00
3167, 0, 3, 0.00
3168, 0, 45, 0.00
3169, 0, 55, 0.00
3170, 0, 78, 0.00
3171, 0, 105, 0.00
3172, 0, 3, 0.00
3174, 0, 6, 0.00
3176, 0, 3, 0.00
3177, 0, 1, 0.00
3178, 0, 15, 0.00
3180, 0, 66, 0.00
3181, 0, 3, 0.00
3182, 0, 45, 0.00
3183, 0, 1, 0.00
3185, 0, 1, 0.00
3194, 0, 3, 0.00
3196, 0, 15, 0.00
3197, 0, 6, 0.00
3198, 0, 21, 0.00
3201, 0, 1, 0.00
3214, 0, 3, 0.00
3217, 0, 15, 0.00
3219, 0, 3, 0.00
3220, 0, 1, 0.00
3221, 0, 15, 0.00
3226, 0, 3, 0.00
3228, 0, 10, 0.00
3229, 0, 45, 0.00
3230, 0, 45, 0.00
3231, 0, 6, 0.00
3240, 0, 1, 0.00
3242, 0, 1, 0.00
3243, 0, 1, 0.00
3244, 0, 3, 0.00
3246, 0, 6, 0.00
3247, 0, 3, 0.00
3258, 0, 1, 0.00
3259, 0, 1, 0.00
3260, 0, 78, 0.00
3261, 0, 66, 0.00
3262, 0, 55, 0.00
3263, 0, 66, 0.00
3264, 0, 153, 0.00
3265, 0, 210, 0.00
3266, 0, 105, 0.00
3267, 0, 171, 0.00
3269, 0, 3, 0.00
3270, 0, 3, 0.00
3272, 0, 1, 0.00
3273, 0, 3, 0.00
3276, 0, 3, 0.00
3277, 0, 45, 0.00
3278, 0, 1, 0.00
3280, 0, 210, 0.00
3281, 0, 91, 0.00
3282, 0, 105, 0.00
3283, 0, 28, 0.00
3284, 0, 210, 0.00
3285, 0, 153, 0.00
3288, 0, 10, 0.00
3289, 0, 1, 0.00
3292, 0, 210, 0.00
3293, 0, 120, 0.00
3294, 0, 6, 0.00
3297, 0, 1, 0.00
3298, 0, 1, 0.00
3306, 0, 6, 0.00
3310, 0, 6, 0.00
3311, 0, 3, 0.00
3312, 0, 21, 0.00
3313, 0, 1, 0.00
3317, 0, 6, 0.00
3320, 0, 6, 0.00
3324, 0, 15, 0.00
3325, 0, 6, 0.00
3326, 0, 10, 0.00
3328, 0, 1, 0.00
3329, 0, 1, 0.00
3331, 0, 10, 0.00
3333, 0, 1, 0.00
3335, 0, 6, 0.00
3340, 0, 1, 0.00
3341, 0, 1, 0.00
3342, 0, 1, 0.00
3343, 0, 3, 0.00
3355, 0, 1, 0.00
3356, 0, 1, 0.00
3357, 0, 1, 0.00
3358, 0, 1, 0.00
3359, 0, 1, 0.00
3360, 0, 21, 0.00
3361, 0, 28, 0.00
3362, 0, 1, 0.00
3363, 0, 28, 0.00
3365, 0, 1, 0.00
3367, 0, 3, 0.00
3368, 0, 6, 0.00
3369, 0, 78, 0.00
3370, 1, 136, 0.01
3371, 0, 406, 0.00
3372, 0, 351, 0.00
3373, 0, 2080, 0.00
3374, 0, 1081, 0.00
3375, 1, 4186, 0.00
3376, 0, 1, 0.00
3379, 0, 1, 0.00
3382, 0, 1, 0.00
3383, 0, 6, 0.00
3384, 0, 3, 0.00
3385, 0, 10, 0.00
3386, 0, 6, 0.00
3387, 0, 6, 0.00
3388, 0, 136, 0.00
3389, 0, 435, 0.00
3390, 0, 703, 0.00
3391, 0, 861, 0.00
3392, 1, 1225, 0.00
3393, 0, 1081, 0.00
3394, 0, 861, 0.00
3395, 0, 528, 0.00
3396, 0, 21, 0.00
3397, 0, 1, 0.00
3398, 0, 1, 0.00
3400, 0, 55, 0.00
3402, 0, 55, 0.00
3405, 0, 3, 0.00
3406, 0, 1, 0.00
3408, 0, 6, 0.00
3410, 0, 3, 0.00
3411, 0, 6, 0.00
3412, 0, 1, 0.00
3415, 0, 3, 0.00
3420, 0, 3, 0.00
3422, 0, 6, 0.00
3424, 0, 3321, 0.00
3425, 1, 465, 0.00
3426, 1, 1540, 0.00
3427, 0, 630, 0.00
3428, 0, 36, 0.00
3429, 0, 3, 0.00
3430, 0, 3, 0.00
3432, 3, 1035, 0.00
3433, 0, 105, 0.00
3434, 0, 561, 0.00
3435, 1, 91, 0.01
3436, 0, 351, 0.00
3437, 0, 21, 0.00
3438, 0, 91, 0.00
3439, 0, 21, 0.00
3440, 0, 15, 0.00
3442, 0, 10, 0.00
3447, 0, 1, 0.00
3448, 0, 21, 0.00
3449, 0, 10, 0.00
3450, 0, 6, 0.00
3452, 0, 36, 0.00
3453, 0, 6, 0.00
3454, 0, 3, 0.00
3455, 0, 1, 0.00
3456, 0, 1, 0.00
3458, 0, 3, 0.00
3459, 0, 3, 0.00
3465, 0, 1, 0.00
3469, 0, 1, 0.00
3473, 0, 6, 0.00
3474, 0, 1, 0.00
3475, 0, 21, 0.00
3476, 0, 1, 0.00
3477, 0, 21, 0.00
3478, 0, 1, 0.00
3479, 0, 6, 0.00
3481, 0, 1, 0.00
3484, 0, 21, 0.00
3485, 0, 3, 0.00
3486, 0, 21, 0.00
3487, 0, 6, 0.00
3488, 0, 1, 0.00
3489, 0, 1, 0.00
3490, 0, 10, 0.00
3491, 0, 1, 0.00
3496, 0, 3, 0.00
3497, 0, 1, 0.00
3498, 0, 1, 0.00
3500, 0, 55, 0.00
3501, 0, 10, 0.00
3502, 0, 210, 0.00
3503, 0, 66, 0.00
3505, 0, 15, 0.00
3506, 0, 3, 0.00
3507, 0, 28, 0.00
3509, 0, 6, 0.00
3510, 0, 3, 0.00
3511, 0, 6, 0.00
3512, 0, 1, 0.00
3513, 0, 10, 0.00
3514, 0, 3, 0.00
3515, 0, 1, 0.00
3516, 1, 1128, 0.00
3517, 0, 561, 0.00
3518, 0, 1326, 0.00
3519, 0, 351, 0.00
3520, 0, 45, 0.00
3521, 0, 6, 0.00
3522, 0, 21, 0.00
3530, 0, 1, 0.00
3532, 0, 1, 0.00
3533, 0, 1, 0.00
3536, 0, 36, 0.00
3540, 0, 3, 0.00
3548, 0, 6, 0.00
3549, 0, 1, 0.00
3552, 0, 21, 0.00
3553, 0, 1, 0.00
3554, 0, 3, 0.00
3560, 0, 10, 0.00
3562, 0, 36, 0.00
3564, 0, 6, 0.00
3568, 0, 6, 0.00
3569, 0, 1, 0.00
3570, 0, 28, 0.00
3576, 0, 3, 0.00
3580, 0, 6, 0.00
3582, 0, 1, 0.00
3585, 0, 6, 0.00
3586, 0, 21, 0.00
3587, 0, 28, 0.00
3589, 0, 15, 0.00
3591, 0, 6, 0.00
3593, 0, 1, 0.00
3595, 0, 1, 0.00
3597, 0, 1, 0.00
3599, 0, 36, 0.00
3600, 0, 1, 0.00
3602, 0, 1, 0.00
3603, 0, 15, 0.00
3606, 0, 1, 0.00
3607, 0, 3, 0.00
3610, 0, 1, 0.00
3611, 0, 10, 0.00
3612, 0, 1, 0.00
3614, 0, 6, 0.00
3615, 0, 15, 0.00
3616, 0, 21, 0.00
3618, 0, 28, 0.00
3622, 0, 6, 0.00
3623, 0, 1, 0.00
3624, 0, 1, 0.00
3626, 0, 1, 0.00
3631, 0, 6, 0.00
3638, 0, 1, 0.00
3639, 0, 6, 0.00
3644, 0, 3, 0.00
3645, 0, 3, 0.00
3646, 0, 6, 0.00
3647, 0, 6, 0.00
3648, 1, 10878, 0.00
3649, 1, 4465, 0.00
3650, 0, 2145, 0.00
3651, 0, 946, 0.00
3652, 1, 153, 0.01
3653, 1, 136, 0.01
3654, 0, 10, 0.00
3656, 0, 78, 0.00
3657, 0, 21, 0.00
3658, 2, 15, 0.13
3659, 0, 1, 0.00
3660, 0, 6, 0.00
3661, 0, 21, 0.00
3662, 0, 6, 0.00
3664, 0, 136, 0.00
3665, 0, 78, 0.00
3666, 0, 45, 0.00
3667, 0, 1, 0.00
3668, 0, 15, 0.00
3669, 0, 3, 0.00
3670, 0, 1, 0.00
3673, 0, 1, 0.00
3676, 0, 6, 0.00
3678, 0, 1, 0.00
3679, 0, 1, 0.00
3680, 0, 45, 0.00
3681, 0, 36, 0.00
3682, 0, 3, 0.00
3683, 0, 1, 0.00
3686, 0, 3, 0.00
3689, 0, 3, 0.00
3690, 0, 6, 0.00
3692, 0, 45, 0.00
3693, 0, 1, 0.00
3694, 0, 36, 0.00
3695, 0, 1, 0.00
3696, 0, 3, 0.00
3697, 0, 1, 0.00
3699, 0, 3, 0.00
3700, 0, 1, 0.00
3701, 0, 15, 0.00
3708, 1, 21, 0.05
3709, 0, 1, 0.00
3710, 0, 1, 0.00
3712, 0, 6, 0.00
3713, 0, 10, 0.00
3714, 0, 21, 0.00
3715, 0, 78, 0.00
3717, 0, 6, 0.00
3718, 0, 1, 0.00
3719, 0, 21, 0.00
3720, 0, 1, 0.00
3721, 0, 6, 0.00
3723, 0, 1, 0.00
3724, 0, 1, 0.00
3726, 0, 21, 0.00
3727, 0, 153, 0.00
3728, 0, 861, 0.00
3729, 1, 3655, 0.00
3730, 0, 153, 0.00
3731, 0, 435, 0.00
3732, 1, 4371, 0.00
3733, 1, 31375, 0.00
3734, 0, 861, 0.00
3735, 0, 2278, 0.00
3736, 0, 3, 0.00
3737, 0, 66, 0.00
3738, 0, 6, 0.00
3739, 0, 78, 0.00
3740, 0, 4950, 0.00
3741, 0, 10878, 0.00
3742, 0, 3081, 0.00
3743, 0, 3321, 0.00
3744, 0, 6, 0.00
3745, 0, 3, 0.00
3746, 0, 28, 0.00
3747, 0, 3, 0.00
3750, 0, 3, 0.00
3751, 0, 3, 0.00
3753, 0, 3, 0.00
3754, 0, 3, 0.00
3755, 0, 1, 0.00
3756, 0, 1, 0.00
3758, 0, 21, 0.00
3759, 0, 28, 0.00
3760, 0, 45, 0.00
3761, 0, 15, 0.00
3762, 0, 91, 0.00
3763, 0, 45, 0.00
3764, 0, 28, 0.00
3765, 0, 105, 0.00
3766, 0, 300, 0.00
3767, 0, 136, 0.00
3768, 0, 6, 0.00
3769, 0, 6, 0.00
3770, 0, 78, 0.00
3771, 0, 21, 0.00
3772, 0, 780, 0.00
3773, 0, 2211, 0.00
3774, 0, 1128, 0.00
3775, 0, 1485, 0.00
3776, 8, 64980, 0.00
3777, 2, 11026, 0.00
3778, 1, 9591, 0.00
3779, 0, 861, 0.00
3780, 0, 435, 0.00
3781, 0, 105, 0.00
3782, 0, 78, 0.00
3784, 0, 435, 0.00
3785, 0, 55, 0.00
3786, 0, 3, 0.00
3787, 0, 6, 0.00
3788, 0, 45, 0.00
3789, 0, 15, 0.00
3790, 0, 66, 0.00
3792, 6, 58653, 0.00
3793, 2, 8515, 0.00
3794, 2, 2701, 0.00
3795, 0, 780, 0.00
3796, 1, 4656, 0.00
3797, 0, 1596, 0.00
3798, 0, 66, 0.00
3799, 0, 28, 0.00
3800, 2, 528, 0.00
3801, 0, 45, 0.00
3802, 0, 6, 0.00
3804, 2, 1653, 0.00
3805, 1, 595, 0.00
3806, 0, 6, 0.00
3808, 0, 190, 0.00
3809, 0, 15, 0.00
3810, 0, 6, 0.00
3811, 0, 15, 0.00
3812, 0, 3, 0.00
3814, 0, 10, 0.00
3816, 0, 6, 0.00
3818, 0, 1, 0.00
3820, 0, 3, 0.00
3822, 0, 36, 0.00
3823, 0, 3, 0.00
3824, 0, 630, 0.00
3825, 0, 36, 0.00
3826, 0, 15, 0.00
3827, 0, 6, 0.00
3828, 0, 21, 0.00
3829, 0, 3, 0.00
3832, 0, 21, 0.00
3834, 0, 1, 0.00
3836, 0, 55, 0.00
3837, 0, 15, 0.00
3838, 0, 55, 0.00
3840, 0, 3, 0.00
3841, 0, 28, 0.00
3842, 0, 15, 0.00
3843, 0, 21, 0.00
3845, 0, 3, 0.00
3847, 0, 3, 0.00
3849, 0, 10, 0.00
3851, 0, 6, 0.00
3852, 0, 6, 0.00
3853, 0, 15, 0.00
3854, 0, 3, 0.00
3855, 1, 171, 0.01
3857, 0, 6, 0.00
3859, 0, 6, 0.00
3860, 0, 1, 0.00
3861, 0, 3, 0.00
3862, 0, 3, 0.00
3863, 0, 1, 0.00
3865, 0, 1, 0.00
3866, 0, 1, 0.00
3867, 0, 15, 0.00
3868, 0, 1, 0.00
3870, 1, 10, 0.10
3871, 0, 10, 0.00
3872, 0, 496, 0.00
3873, 0, 351, 0.00
3874, 1, 2278, 0.00
3875, 0, 231, 0.00
3876, 0, 6, 0.00
3877, 0, 66, 0.00
3878, 0, 36, 0.00
3879, 0, 10, 0.00
3880, 1, 1830, 0.00
3881, 0, 1830, 0.00
3882, 2, 6105, 0.00
3883, 0, 1431, 0.00
3884, 0, 1830, 0.00
3885, 0, 3081, 0.00
3886, 0, 3403, 0.00
3887, 0, 4186, 0.00
3888, 0, 36, 0.00
3889, 0, 21, 0.00
3890, 0, 3, 0.00
3891, 0, 3, 0.00
3892, 0, 1, 0.00
3893, 0, 1, 0.00
3894, 1, 21, 0.05
3895, 0, 6, 0.00
3896, 0, 210, 0.00
3897, 0, 66, 0.00
3898, 0, 45, 0.00
3899, 0, 36, 0.00
3900, 1, 1540, 0.00
3901, 0, 903, 0.00
3902, 0, 1485, 0.00
3903, 0, 406, 0.00
3904, 0, 9045, 0.00
3905, 0, 2850, 0.00
3906, 1, 1830, 0.00
3907, 0, 378, 0.00
3908, 1, 66, 0.02
3909, 0, 1, 0.00
3910, 0, 21, 0.00
3911, 0, 1, 0.00
3912, 0, 6, 0.00
3913, 0, 6, 0.00
3914, 0, 15, 0.00
3915, 0, 1, 0.00
3916, 0, 3, 0.00
3918, 0, 6, 0.00
3920, 0, 45, 0.00
3921, 0, 1, 0.00
3922, 1, 55, 0.02
3923, 0, 21, 0.00
3924, 0, 28, 0.00
3925, 0, 10, 0.00
3926, 0, 15, 0.00
3927, 0, 6, 0.00
3930, 0, 1, 0.00
3932, 0, 3, 0.00
3934, 0, 1, 0.00
3936, 0, 2775, 0.00
3937, 0, 630, 0.00
3938, 0, 378, 0.00
3939, 0, 45, 0.00
3940, 0, 10, 0.00
3941, 0, 21, 0.00
3944, 0, 45, 0.00
3945, 0, 6, 0.00
3946, 0, 91, 0.00
3947, 0, 3, 0.00
3948, 0, 45, 0.00
3949, 0, 1, 0.00
3950, 0, 6, 0.00
3952, 0, 15, 0.00
3953, 0, 3, 0.00
3954, 0, 10, 0.00
3955, 0, 10, 0.00
3957, 0, 6, 0.00
3962, 0, 3, 0.00
3964, 0, 21, 0.00
3965, 0, 1, 0.00
3966, 1, 15, 0.07
3968, 0, 561, 0.00
3969, 0, 561, 0.00
3970, 0, 253, 0.00
3971, 0, 465, 0.00
3972, 0, 1, 0.00
3973, 0, 3, 0.00
3974, 0, 6, 0.00
3975, 0, 15, 0.00
3976, 0, 1, 0.00
3977, 0, 15, 0.00
3979, 0, 15, 0.00
3980, 0, 6, 0.00
3981, 0, 15, 0.00
3982, 0, 21, 0.00
3983, 0, 36, 0.00
3984, 0, 7140, 0.00
3985, 1, 10153, 0.00
3986, 2, 2850, 0.00
3987, 0, 1891, 0.00
3988, 0, 1081, 0.00
3989, 1, 5778, 0.00
3990, 0, 820, 0.00
3991, 0, 325, 0.00
3992, 0, 28, 0.00
3993, 2, 136, 0.01
3994, 0, 78, 0.00
3995, 0, 55, 0.00
3996, 0, 1770, 0.00
3997, 0, 3003, 0.00
3998, 0, 1128, 0.00
3999, 1, 300, 0.00
4000, 1, 8515, 0.00
4001, 0, 1540, 0.00
4002, 0, 11476, 0.00
4003, 0, 2701, 0.00
4004, 0, 55, 0.00
4005, 0, 66, 0.00
4006, 0, 78, 0.00
4007, 0, 10, 0.00
4008, 0, 1830, 0.00
4009, 0, 300, 0.00
4010, 0, 4371, 0.00
4011, 0, 465, 0.00
4012, 0, 465, 0.00
4013, 0, 990, 0.00
4014, 0, 820, 0.00
4015, 0, 300, 0.00
4016, 0, 7750, 0.00
4017, 1, 6670, 0.00
4018, 0, 3655, 0.00
4019, 0, 3570, 0.00
4020, 0, 1128, 0.00
4021, 0, 1953, 0.00
4022, 0, 1176, 0.00
4023, 0, 351, 0.00
4024, 0, 1953, 0.00
4025, 2, 1378, 0.00
4026, 0, 861, 0.00
4027, 0, 276, 0.00
4028, 0, 13366, 0.00
4029, 1, 19503, 0.00
4030, 1, 10296, 0.00
4031, 0, 3570, 0.00
4032, 1, 11325, 0.00
4033, 1, 1596, 0.00
4034, 1, 1275, 0.00
4035, 0, 28, 0.00
4036, 0, 1, 0.00
4038, 0, 21, 0.00
4040, 0, 36, 0.00
4041, 0, 1, 0.00
4042, 0, 28, 0.00
4044, 0, 10, 0.00
4047, 0, 1, 0.00
4048, 1, 2211, 0.00
4049, 0, 153, 0.00
4050, 0, 153, 0.00
4051, 0, 10, 0.00
4052, 0, 253, 0.00
4053, 0, 3, 0.00
4054, 0, 3, 0.00
4056, 0, 21, 0.00
4058, 0, 15, 0.00
4060, 0, 171, 0.00
4061, 0, 10, 0.00
4062, 0, 15, 0.00
4064, 0, 703, 0.00
4065, 0, 45, 0.00
4066, 0, 120, 0.00
4067, 0, 15, 0.00
4070, 0, 21, 0.00
4072, 0, 45, 0.00
4073, 0, 1, 0.00
4074, 0, 6, 0.00
4076, 0, 36, 0.00
4077, 0, 3, 0.00
4078, 0, 78, 0.00
4080, 0, 276, 0.00
4081, 0, 6, 0.00
4082, 0, 36, 0.00
4083, 0, 10, 0.00
4084, 0, 10, 0.00
4085, 0, 1, 0.00
4086, 0, 1, 0.00
4088, 0, 3, 0.00
4089, 0, 1, 0.00
4092, 0, 190, 0.00
4093, 0, 28, 0.00
4094, 0, 351, 0.00
4099, 0, 1, 0.00
4103, 0, 3, 0.00
4107, 0, 6, 0.00
4109, 0, 15, 0.00
4110, 0, 10, 0.00
4111, 0, 3, 0.00
4118, 0, 3, 0.00
4119, 0, 15, 0.00
4125, 0, 6, 0.00
4126, 0, 36, 0.00
4127, 0, 21, 0.00
4128, 0, 1, 0.00
4130, 0, 3, 0.00
4131, 0, 21, 0.00
4134, 0, 3, 0.00
4135, 0, 1, 0.00
4136, 0, 1, 0.00
4138, 0, 45, 0.00
4139, 0, 28, 0.00
4140, 0, 1, 0.00
4141, 0, 1, 0.00
4142, 0, 28, 0.00
4143, 0, 15, 0.00
4150, 0, 1, 0.00
4151, 0, 6, 0.00
4154, 0, 6, 0.00
4155, 0, 6, 0.00
4156, 0, 36, 0.00
4157, 1, 171, 0.01
4158, 0, 406, 0.00
4159, 0, 595, 0.00
4160, 0, 325, 0.00
4161, 0, 465, 0.00
4162, 1, 820, 0.00
4163, 0, 703, 0.00
4164, 1, 435, 0.00
4165, 0, 435, 0.00
4166, 0, 276, 0.00
4167, 0, 253, 0.00
4168, 0, 351, 0.00
4169, 0, 861, 0.00
4170, 0, 496, 0.00
4171, 0, 741, 0.00
4172, 0, 3081, 0.00
4173, 1, 3916, 0.00
4174, 2, 3741, 0.00
4175, 0, 1485, 0.00
4176, 0, 66, 0.00
4177, 0, 595, 0.00
4178, 0, 496, 0.00
4179, 0, 91, 0.00
4180, 3, 1596, 0.00
4181, 2, 3160, 0.00
4182, 0, 528, 0.00
4183, 1, 325, 0.00
4184, 0, 36, 0.00
4185, 0, 91, 0.00
4186, 0, 120, 0.00
4187, 0, 10, 0.00
4188, 0, 3321, 0.00
4189, 0, 4851, 0.00
4190, 0, 2016, 0.00
4191, 0, 3916, 0.00
4192, 0, 780, 0.00
4193, 1, 1035, 0.00
4194, 0, 1128, 0.00
4195, 0, 253, 0.00
4196, 0, 21, 0.00
4197, 0, 136, 0.00
4198, 0, 210, 0.00
4199, 0, 28, 0.00
4200, 1, 1431, 0.00
4201, 0, 630, 0.00
4202, 0, 7140, 0.00
4203, 0, 1431, 0.00
4204, 0, 3003, 0.00
4205, 0, 1770, 0.00
4206, 1, 12403, 0.00
4207, 0, 2346, 0.00
4208, 0, 21, 0.00
4209, 0, 6, 0.00
4210, 0, 15, 0.00
4212, 0, 10, 0.00
4213, 0, 3, 0.00
4214, 0, 21, 0.00
4215, 0, 6, 0.00
4216, 0, 28, 0.00
4217, 0, 36, 0.00
4218, 0, 36, 0.00
4220, 0, 1081, 0.00
4221, 0, 496, 0.00
4222, 0, 1830, 0.00
4223, 1, 561, 0.00
4241, 0, 10, 0.00
4242, 0, 6, 0.00
4243, 0, 28, 0.00
4245, 0, 6, 0.00
4246, 0, 28, 0.00
4247, 0, 78, 0.00
4250, 0, 15, 0.00
4251, 0, 6, 0.00
4252, 0, 55, 0.00
4253, 0, 105, 0.00
4254, 1, 351, 0.00
4255, 0, 528, 0.00
4259, 0, 1, 0.00
4270, 0, 1, 0.00
4271, 0, 1, 0.00
4274, 0, 3, 0.00
4275, 0, 10, 0.00
4278, 0, 1, 0.00
4279, 0, 10, 0.00
4282, 0, 1, 0.00
4283, 0, 3, 0.00
4284, 0, 210, 0.00
4285, 0, 1431, 0.00
4286, 0, 1770, 0.00
4287, 0, 2485, 0.00
4288, 0, 78, 0.00
4289, 0, 1128, 0.00
4290, 0, 231, 0.00
4291, 0, 351, 0.00
4292, 0, 120, 0.00
4293, 0, 55, 0.00
4294, 0, 66, 0.00
4295, 0, 105, 0.00
4296, 0, 28, 0.00
4297, 0, 15, 0.00
4298, 0, 15, 0.00
4299, 0, 10, 0.00
4300, 0, 45, 0.00
4301, 0, 45, 0.00
4302, 0, 21, 0.00
4303, 0, 36, 0.00
4304, 1, 1830, 0.00
4305, 0, 2080, 0.00
4306, 0, 465, 0.00
4307, 0, 1081, 0.00
4308, 0, 3240, 0.00
4309, 2, 11476, 0.00
4310, 0, 703, 0.00
4311, 0, 1128, 0.00
4312, 0, 36, 0.00
4313, 0, 10, 0.00
4314, 0, 21, 0.00
4315, 0, 1, 0.00
4316, 0, 2628, 0.00
4317, 1, 2628, 0.00
4318, 0, 861, 0.00
4319, 0, 990, 0.00
4320, 0, 10, 0.00
4321, 1, 21, 0.05
4322, 0, 6, 0.00
4324, 0, 6, 0.00
4325, 0, 15, 0.00
4328, 0, 6, 0.00
4330, 0, 45, 0.00
4331, 0, 6, 0.00
4332, 0, 21, 0.00
4334, 0, 21, 0.00
4336, 0, 10, 0.00
4337, 0, 15, 0.00
4338, 0, 6, 0.00
4339, 0, 1, 0.00
4340, 0, 45, 0.00
4341, 0, 120, 0.00
4342, 0, 1, 0.00
4344, 0, 6, 0.00
4346, 0, 6, 0.00
4348, 0, 190, 0.00
4349, 0, 91, 0.00
4350, 0, 91, 0.00
4351, 0, 6, 0.00
4358, 0, 1, 0.00
4360, 0, 1, 0.00
4362, 0, 1, 0.00
4363, 0, 6, 0.00
4365, 0, 3, 0.00
4366, 0, 1, 0.00
4367, 0, 1, 0.00
4371, 0, 1, 0.00
4373, 0, 1, 0.00
4379, 0, 1, 0.00
4380, 0, 3, 0.00
4381, 0, 28, 0.00
4382, 0, 3, 0.00
4383, 0, 3, 0.00
4385, 0, 15, 0.00
4386, 0, 10, 0.00
4388, 0, 6, 0.00
4389, 1, 45, 0.02
4390, 0, 21, 0.00
4391, 0, 45, 0.00
4393, 0, 55, 0.00
4394, 0, 21, 0.00
4395, 0, 78, 0.00
4396, 0, 378, 0.00
4397, 1, 2701, 0.00
4398, 1, 3240, 0.00
4399, 0, 6105, 0.00
4403, 0, 1, 0.00
4404, 0, 6, 0.00
4405, 0, 10, 0.00
4406, 0, 1, 0.00
4407, 1, 28, 0.04
4408, 0, 1, 0.00
4410, 0, 3, 0.00
4411, 0, 15, 0.00
4412, 0, 2775, 0.00
4413, 4, 5995, 0.00
4414, 2, 12246, 0.00
4415, 8, 17020, 0.00
4416, 0, 351, 0.00
4417, 0, 630, 0.00
4418, 0, 666, 0.00
4419, 0, 66, 0.00
4420, 0, 3, 0.00
4421, 0, 15, 0.00
4422, 0, 6, 0.00
4424, 0, 120, 0.00
4425, 0, 120, 0.00
4426, 0, 120, 0.00
4427, 0, 55, 0.00
4428, 0, 28, 0.00
4429, 0, 45, 0.00
4430, 0, 36, 0.00
4431, 0, 28, 0.00
4432, 0, 3, 0.00
4433, 0, 6, 0.00
4436, 0, 10, 0.00
4437, 0, 3, 0.00
4439, 0, 3, 0.00
4440, 0, 1, 0.00
4441, 0, 1, 0.00
4443, 0, 1, 0.00
4444, 0, 10, 0.00
4445, 0, 36, 0.00
4447, 0, 6, 0.00
4448, 0, 10153, 0.00
4449, 0, 2556, 0.00
4450, 2, 14706, 0.00
4451, 0, 1128, 0.00
4452, 0, 15, 0.00
4453, 0, 1, 0.00
4454, 0, 120, 0.00
4456, 0, 9870, 0.00
4457, 0, 2415, 0.00
4458, 9, 53956, 0.00
4459, 1, 3403, 0.00
4460, 7, 3003, 0.00
4461, 0, 406, 0.00
4462, 1, 6555, 0.00
4463, 1, 946, 0.00
4464, 0, 45, 0.00
4465, 0, 3, 0.00
4466, 0, 55, 0.00
4469, 0, 1, 0.00
4471, 0, 3, 0.00
4472, 0, 6, 0.00
4473, 0, 21, 0.00
4474, 0, 91, 0.00
4475, 0, 10, 0.00
4476, 0, 78, 0.00
4477, 0, 66, 0.00
4478, 0, 105, 0.00
4479, 0, 36, 0.00
4483, 0, 1, 0.00
4492, 0, 1, 0.00
4493, 0, 1, 0.00
4503, 0, 6, 0.00
4504, 0, 3, 0.00
4505, 0, 3, 0.00
4506, 0, 6, 0.00
4507, 0, 3, 0.00
4508, 0, 6, 0.00
4509, 0, 10, 0.00
4510, 0, 1, 0.00
4511, 0, 66, 0.00
4514, 0, 1, 0.00
4515, 0, 1, 0.00
4517, 0, 1, 0.00
4522, 0, 3, 0.00
4523, 0, 6, 0.00
4524, 0, 1, 0.00
4525, 0, 28, 0.00
4526, 0, 10, 0.00
4527, 0, 45, 0.00
4529, 0, 1, 0.00
4531, 0, 1, 0.00
4532, 0, 1, 0.00
4533, 0, 21, 0.00
4534, 0, 15, 0.00
4535, 2, 120, 0.02
4536, 0, 3, 0.00
4537, 0, 1, 0.00
4538, 0, 10, 0.00
4539, 0, 1, 0.00
4540, 0, 1770, 0.00
4541, 0, 3403, 0.00
4542, 1, 7503, 0.00
4543, 1, 3321, 0.00
4544, 0, 6, 0.00
4545, 0, 10, 0.00
4546, 0, 1, 0.00
4547, 0, 6, 0.00
4554, 0, 6, 0.00
4556, 0, 3, 0.00
4558, 0, 3, 0.00
4560, 0, 10, 0.00
4561, 0, 1, 0.00
4564, 0, 28, 0.00
4565, 0, 21, 0.00
4566, 0, 1, 0.00
4567, 0, 1, 0.00
4568, 0, 6, 0.00
4572, 0, 36, 0.00
4573, 0, 15, 0.00
4574, 0, 3, 0.00
4576, 0, 231, 0.00
4577, 0, 10, 0.00
4578, 0, 28, 0.00
4580, 0, 10, 0.00
4581, 0, 1, 0.00
4584, 0, 78, 0.00
4585, 0, 10, 0.00
4586, 0, 91, 0.00
4587, 0, 15, 0.00
4588, 0, 66, 0.00
4590, 0, 55, 0.00
4592, 0, 10, 0.00
4593, 0, 6, 0.00
4594, 0, 6, 0.00
4596, 0, 78, 0.00
4597, 0, 15, 0.00
4600, 0, 6, 0.00
4601, 0, 3, 0.00
4604, 0, 66, 0.00
4605, 0, 10, 0.00
4609, 0, 1, 0.00
4621, 0, 1, 0.00
4623, 0, 6, 0.00
4627, 0, 3, 0.00
4629, 0, 15, 0.00
4631, 0, 6, 0.00
4635, 0, 3, 0.00
4638, 0, 6, 0.00
4639, 0, 10, 0.00
4643, 0, 1, 0.00
4647, 0, 6, 0.00
4649, 0, 1, 0.00
4651, 0, 1, 0.00
4652, 0, 3, 0.00
4653, 0, 1, 0.00
4654, 0, 3, 0.00
4655, 0, 6, 0.00
4662, 0, 1, 0.00
4663, 0, 1, 0.00
4668, 0, 6, 0.00
4669, 0, 3, 0.00
4670, 0, 3, 0.00
4671, 0, 28, 0.00
4672, 1, 741, 0.00
4673, 2, 703, 0.00
4674, 0, 91, 0.00
4675, 3, 528, 0.01
4676, 0, 3, 0.00
4677, 0, 21, 0.00
4678, 0, 6, 0.00
4679, 0, 10, 0.00
4680, 0, 1, 0.00
4681, 0, 10, 0.00
4682, 0, 1, 0.00
4684, 0, 36, 0.00
4685, 1, 45, 0.02
4686, 1, 36, 0.03
4687, 0, 15, 0.00
4688, 0, 36, 0.00
4689, 0, 78, 0.00
4690, 0, 28, 0.00
4691, 0, 66, 0.00
4692, 0, 55, 0.00
4693, 0, 36, 0.00
4694, 0, 1, 0.00
4697, 0, 1, 0.00
4698, 0, 1, 0.00
4699, 0, 3, 0.00
4700, 0, 3, 0.00
4701, 0, 3, 0.00
4702, 0, 1, 0.00
4703, 0, 1, 0.00
4704, 0, 6, 0.00
4705, 0, 3, 0.00
4706, 0, 6, 0.00
4707, 0, 3, 0.00
4712, 0, 1, 0.00
4713, 0, 15, 0.00
4714, 0, 36, 0.00
4715, 0, 3, 0.00
4716, 0, 28, 0.00
4717, 0, 6, 0.00
4718, 1, 55, 0.02
4721, 0, 1, 0.00
4722, 0, 1, 0.00
4723, 0, 3, 0.00
4732, 0, 36, 0.00
4733, 0, 3, 0.00
4734, 0, 3, 0.00
4737, 0, 1, 0.00
4739, 0, 3, 0.00
4740, 0, 1, 0.00
4741, 0, 1, 0.00
4743, 0, 6, 0.00
4745, 0, 1, 0.00
4749, 0, 1, 0.00
4751, 0, 21, 0.00
4753, 0, 55, 0.00
4754, 0, 10, 0.00
4755, 0, 15, 0.00
4756, 0, 45, 0.00
4757, 0, 276, 0.00
4758, 0, 105, 0.00
4759, 0, 595, 0.00
4761, 0, 1, 0.00
4762, 0, 1, 0.00
4763, 0, 3, 0.00
4764, 0, 1035, 0.00
4765, 0, 2485, 0.00
4766, 0, 2080, 0.00
4767, 0, 1378, 0.00
4770, 0, 6, 0.00
4771, 0, 3, 0.00
4781, 0, 3, 0.00
4782, 0, 3, 0.00
4783, 0, 10, 0.00
4784, 0, 1, 0.00
4785, 0, 1, 0.00
4786, 0, 36, 0.00
4787, 0, 10, 0.00
4788, 0, 1, 0.00
4789, 0, 3, 0.00
4791, 0, 15, 0.00
4793, 0, 1, 0.00
4794, 0, 1, 0.00
4795, 0, 6, 0.00
4796, 0, 190, 0.00
4797, 0, 703, 0.00
4798, 0, 595, 0.00
4799, 0, 325, 0.00
4800, 0, 465, 0.00
4801, 1, 780, 0.00
4802, 0, 528, 0.00
4803, 0, 780, 0.00
4804, 0, 6, 0.00
4805, 0, 21, 0.00
4806, 0, 15, 0.00
4808, 0, 45, 0.00
4809, 0, 28, 0.00
4811, 0, 3, 0.00
4812, 0, 6, 0.00
4814, 0, 3, 0.00
4815, 0, 3, 0.00
4816, 1, 3570, 0.00
4817, 0, 2628, 0.00
4818, 0, 820, 0.00
4819, 0, 528, 0.00
4820, 0, 1378, 0.00
4821, 1, 1485, 0.00
4822, 0, 36, 0.00
4823, 0, 21, 0.00
4824, 0, 21, 0.00
4825, 0, 6, 0.00
4826, 0, 6, 0.00
4827, 0, 28, 0.00
4828, 0, 136, 0.00
4829, 0, 231, 0.00
4830, 0, 6, 0.00
4831, 0, 45, 0.00
4832, 0, 3, 0.00
4834, 0, 10, 0.00
4843, 0, 1, 0.00
4844, 0, 1, 0.00
4848, 0, 21, 0.00
4849, 0, 6, 0.00
4850, 0, 36, 0.00
4851, 0, 10, 0.00
4852, 0, 21, 0.00
4853, 0, 15, 0.00
4856, 0, 6, 0.00
4857, 0, 10, 0.00
4859, 0, 3, 0.00
4860, 0, 15, 0.00
4861, 0, 10, 0.00
4862, 0, 10, 0.00
4898, 0, 6, 0.00
4901, 0, 1, 0.00
4904, 0, 1, 0.00
4905, 0, 1, 0.00
4908, 0, 15, 0.00
4909, 0, 3, 0.00
4910, 0, 78, 0.00
4911, 0, 21, 0.00
4913, 0, 1, 0.00
4920, 0, 1, 0.00
4921, 0, 1, 0.00
4923, 0, 1, 0.00
4924, 0, 276, 0.00
4925, 0, 136, 0.00
4926, 0, 78, 0.00
4927, 0, 66, 0.00
4928, 0, 276, 0.00
4929, 1, 171, 0.01
4930, 0, 171, 0.00
4931, 0, 36, 0.00
4933, 0, 6, 0.00
4935, 0, 1, 0.00
4936, 0, 1, 0.00
4937, 0, 6, 0.00
4938, 0, 6, 0.00
4940, 0, 3, 0.00
4941, 0, 6, 0.00
4942, 0, 1, 0.00
4943, 0, 1, 0.00
4944, 0, 3, 0.00
4945, 0, 3, 0.00
4948, 0, 3, 0.00
4949, 0, 3, 0.00
4953, 0, 3, 0.00
4956, 0, 6, 0.00
4958, 0, 1, 0.00
4960, 1, 171, 0.01
4961, 0, 45, 0.00
4962, 0, 153, 0.00
4964, 0, 3, 0.00
4965, 0, 1, 0.00
4967, 0, 1, 0.00
4968, 0, 120, 0.00
4969, 0, 28, 0.00
4970, 1, 406, 0.00
4972, 0, 55, 0.00
4973, 0, 10, 0.00
4974, 1, 66, 0.02
4975, 0, 1, 0.00
4978, 0, 3, 0.00
4980, 0, 1, 0.00
4984, 0, 1, 0.00
4988, 0, 1, 0.00
4989, 0, 1, 0.00
5007, 0, 1, 0.00
5008, 0, 3, 0.00
5010, 0, 1, 0.00
5011, 0, 1, 0.00
5012, 0, 3, 0.00
5014, 0, 6, 0.00
5015, 0, 15, 0.00
5018, 0, 1, 0.00
5019, 0, 3, 0.00
5020, 0, 21, 0.00
5021, 0, 15, 0.00
5022, 0, 78, 0.00
5023, 0, 21, 0.00
5027, 0, 3, 0.00
5030, 0, 1, 0.00
5032, 0, 1, 0.00
5033, 0, 3, 0.00
5034, 0, 21, 0.00
5037, 0, 6, 0.00
5038, 0, 15, 0.00
5039, 0, 3, 0.00
5041, 0, 1, 0.00
5042, 0, 10, 0.00
5043, 0, 120, 0.00
5044, 0, 3, 0.00
5045, 0, 3, 0.00
5046, 0, 3, 0.00
5047, 0, 55, 0.00
5048, 0, 6, 0.00
5049, 0, 10, 0.00
5050, 1, 45, 0.02
5051, 0, 10, 0.00
5052, 2, 1596, 0.00
5053, 0, 1485, 0.00
5054, 0, 1953, 0.00
5055, 0, 496, 0.00
5056, 0, 55, 0.00
5057, 0, 55, 0.00
5058, 0, 45, 0.00
5060, 0, 15, 0.00
5061, 0, 6, 0.00
5064, 0, 1, 0.00
5066, 0, 10, 0.00
5072, 0, 45, 0.00
5073, 0, 21, 0.00
5074, 0, 10, 0.00
5076, 0, 78, 0.00
5077, 0, 36, 0.00
5078, 0, 6, 0.00
5080, 0, 3, 0.00
5081, 0, 1, 0.00
5084, 0, 36, 0.00
5085, 0, 10, 0.00
5086, 0, 1, 0.00
5088, 0, 10, 0.00
5089, 0, 3, 0.00
5090, 0, 6, 0.00
5093, 0, 3, 0.00
5096, 0, 21, 0.00
5097, 0, 6, 0.00
5098, 0, 3, 0.00
5101, 0, 1, 0.00
5104, 0, 6, 0.00
5105, 0, 6, 0.00
5106, 0, 3, 0.00
5108, 0, 21, 0.00
5109, 0, 1, 0.00
5111, 0, 1, 0.00
5112, 0, 1, 0.00
5113, 0, 1, 0.00
5116, 0, 36, 0.00
5117, 0, 10, 0.00
5122, 0, 10, 0.00
5123, 0, 3, 0.00
5133, 0, 21, 0.00
5134, 0, 10, 0.00
5135, 0, 6, 0.00
5137, 0, 1, 0.00
5141, 0, 1, 0.00
5150, 0, 1, 0.00
5151, 0, 1, 0.00
5154, 0, 3, 0.00
5155, 0, 3, 0.00
5158, 0, 1, 0.00
5160, 0, 1, 0.00
5161, 0, 3, 0.00
5162, 0, 15, 0.00
5163, 0, 21, 0.00
5164, 0, 3, 0.00
5166, 0, 15, 0.00
5167, 0, 6, 0.00
5172, 0, 1, 0.00
5173, 0, 6, 0.00
5175, 0, 1, 0.00
5179, 0, 1, 0.00
5180, 0, 10, 0.00
5181, 0, 10, 0.00
5182, 0, 3, 0.00
5183, 0, 6, 0.00
5184, 1, 435, 0.00
5185, 0, 528, 0.00
5186, 0, 406, 0.00
5187, 0, 325, 0.00
5188, 0, 6, 0.00
5191, 0, 3, 0.00
5192, 0, 10, 0.00
5193, 0, 10, 0.00
5194, 0, 10, 0.00
5195, 0, 10, 0.00
5196, 0, 78, 0.00
5197, 0, 91, 0.00
5198, 0, 78, 0.00
5199, 0, 21, 0.00
5200, 0, 3, 0.00
5201, 0, 6, 0.00
5202, 0, 6, 0.00
5203, 0, 3, 0.00
5205, 0, 10, 0.00
5207, 1, 28, 0.04
5208, 0, 6, 0.00
5209, 0, 10, 0.00
5210, 0, 10, 0.00
5211, 0, 6, 0.00
5212, 0, 21, 0.00
5213, 0, 120, 0.00
5214, 0, 10, 0.00
5215, 0, 6, 0.00
5216, 0, 66, 0.00
5217, 0, 190, 0.00
5218, 0, 153, 0.00
5219, 0, 190, 0.00
5220, 0, 1, 0.00
5222, 0, 3, 0.00
5224, 0, 36, 0.00
5225, 0, 28, 0.00
5226, 0, 91, 0.00
5227, 0, 10, 0.00
5228, 0, 21, 0.00
5229, 0, 3, 0.00
5230, 1, 91, 0.01
5231, 0, 15, 0.00
5232, 0, 1, 0.00
5234, 0, 3, 0.00
5237, 0, 6, 0.00
5241, 0, 1, 0.00
5242, 0, 1, 0.00
5244, 0, 10, 0.00
5245, 0, 6, 0.00
5261, 0, 1, 0.00
5263, 0, 1, 0.00
5264, 0, 6, 0.00
5265, 0, 28, 0.00
5269, 0, 21, 0.00
5270, 0, 3, 0.00
5271, 0, 10, 0.00
5276, 0, 10, 0.00
5277, 0, 45, 0.00
5278, 0, 45, 0.00
5279, 0, 55, 0.00
5297, 0, 1, 0.00
5299, 0, 1, 0.00
5301, 0, 1, 0.00
5302, 0, 1, 0.00
5303, 0, 10, 0.00
5307, 0, 3, 0.00
5308, 0, 45, 0.00
5309, 0, 190, 0.00
5310, 0, 45, 0.00
5311, 0, 120, 0.00
5312, 0, 105, 0.00
5313, 0, 78, 0.00
5314, 0, 171, 0.00
5315, 0, 105, 0.00
5316, 0, 1, 0.00
5322, 0, 1, 0.00
5324, 0, 10, 0.00
5328, 0, 105, 0.00
5329, 0, 6, 0.00
5330, 0, 15, 0.00
5331, 0, 3, 0.00
5332, 0, 6, 0.00
5333, 0, 1, 0.00
5334, 0, 1, 0.00
5335, 0, 10, 0.00
5336, 0, 1, 0.00
5337, 0, 1, 0.00
5338, 0, 3, 0.00
5339, 0, 6, 0.00
5340, 0, 36, 0.00
5341, 0, 36, 0.00
5342, 0, 3, 0.00
5343, 0, 36, 0.00
5344, 0, 1, 0.00
5346, 0, 3, 0.00
5354, 0, 28, 0.00
5357, 0, 1, 0.00
5358, 0, 1, 0.00
5360, 0, 1, 0.00
5362, 0, 1, 0.00
5364, 0, 1, 0.00
5365, 0, 15, 0.00
5372, 0, 10, 0.00
5373, 0, 6, 0.00
5376, 0, 3, 0.00
5378, 0, 10, 0.00
5380, 0, 1, 0.00
5384, 0, 15, 0.00
5385, 0, 10, 0.00
5386, 0, 28, 0.00
5387, 0, 36, 0.00
5389, 0, 15, 0.00
5390, 0, 1, 0.00
5391, 0, 36, 0.00
5396, 0, 3, 0.00
5397, 0, 15, 0.00
5404, 0, 1, 0.00
5405, 0, 55, 0.00
5406, 0, 3, 0.00
5407, 0, 78, 0.00
5408, 0, 15, 0.00
5409, 0, 15, 0.00
5410, 0, 66, 0.00
5411, 0, 28, 0.00
5412, 0, 3, 0.00
5413, 0, 28, 0.00
5414, 0, 10, 0.00
5415, 0, 10, 0.00
5416, 0, 351, 0.00
5417, 0, 378, 0.00
5418, 2, 4656, 0.00
5419, 0, 1596, 0.00
5420, 2, 10153, 0.00
5421, 1, 13695, 0.00
5422, 0, 27495, 0.00
5423, 0, 26106, 0.00
5426, 0, 1, 0.00
5429, 0, 3, 0.00
5430, 0, 10, 0.00
5431, 0, 45, 0.00
5432, 0, 3, 0.00
5433, 0, 1, 0.00
5434, 0, 36, 0.00
5435, 0, 1, 0.00
5436, 1, 1830, 0.00
5437, 0, 4371, 0.00
5438, 0, 5995, 0.00
5439, 1, 2278, 0.00
5440, 1, 6555, 0.00
5441, 0, 2346, 0.00
5442, 0, 2485, 0.00
5443, 1, 561, 0.00
5444, 0, 15, 0.00
5445, 0, 15, 0.00
5446, 0, 1, 0.00
5448, 0, 45, 0.00
5449, 0, 36, 0.00
5450, 0, 36, 0.00
5451, 0, 15, 0.00
5452, 0, 21, 0.00
5453, 0, 28, 0.00
5454, 0, 3, 0.00
5455, 0, 3, 0.00
5456, 0, 153, 0.00
5457, 0, 1, 0.00
5458, 0, 6, 0.00
5460, 0, 6, 0.00
5462, 0, 1, 0.00
5464, 0, 3, 0.00
5465, 0, 3, 0.00
5466, 0, 21, 0.00
5467, 0, 1, 0.00
5468, 0, 15, 0.00
5469, 0, 66, 0.00
5470, 0, 6, 0.00
5471, 0, 1, 0.00
5472, 9, 59685, 0.00
5473, 1, 10440, 0.00
5474, 7, 53628, 0.00
5475, 0, 3741, 0.00
5476, 0, 78, 0.00
5477, 0, 6, 0.00
5478, 0, 153, 0.00
5479, 0, 6, 0.00
5480, 1, 10878, 0.00
5481, 0, 1378, 0.00
5482, 7, 30135, 0.00
5483, 0, 780, 0.00
5484, 0, 703, 0.00
5485, 0, 171, 0.00
5486, 0, 1891, 0.00
5487, 1, 91, 0.01
5488, 0, 253, 0.00
5489, 0, 3, 0.00
5490, 0, 55, 0.00
5492, 0, 1, 0.00
5493, 0, 1, 0.00
5496, 0, 45, 0.00
5497, 0, 15, 0.00
5498, 0, 36, 0.00
5500, 0, 10, 0.00
5501, 0, 36, 0.00
5502, 0, 10, 0.00
5503, 0, 10, 0.00
5509, 0, 3, 0.00
5511, 0, 3, 0.00
5514, 0, 1, 0.00
5518, 0, 1, 0.00
5519, 0, 6, 0.00
5520, 0, 1, 0.00
5521, 0, 6, 0.00
5522, 0, 6, 0.00
5525, 0, 6, 0.00
5527, 0, 10, 0.00
5529, 0, 1, 0.00
5532, 0, 1, 0.00
5533, 0, 91, 0.00
5534, 0, 21, 0.00
5535, 0, 28, 0.00
5540, 0, 1, 0.00
5541, 0, 6, 0.00
5544, 0, 10, 0.00
5546, 0, 6, 0.00
5547, 0, 6, 0.00
5548, 0, 55, 0.00
5549, 0, 45, 0.00
5550, 0, 66, 0.00
5551, 0, 45, 0.00
5553, 0, 3, 0.00
5554, 0, 1, 0.00
5555, 0, 10, 0.00
5556, 0, 3, 0.00
5557, 0, 3, 0.00
5558, 0, 6, 0.00
5559, 0, 45, 0.00
5560, 0, 15, 0.00
5561, 0, 10, 0.00
5562, 0, 15, 0.00
5563, 0, 1, 0.00
5564, 0, 528, 0.00
5565, 0, 903, 0.00
5566, 0, 2346, 0.00
5567, 0, 1326, 0.00
5568, 0, 171, 0.00
5569, 0, 3, 0.00
5570, 0, 45, 0.00
5572, 0, 10, 0.00
5573, 0, 6, 0.00
5574, 0, 1, 0.00
5577, 0, 3, 0.00
5578, 0, 10, 0.00
5582, 0, 1, 0.00
5584, 0, 36, 0.00
5585, 0, 3, 0.00
5586, 0, 21, 0.00
5588, 0, 6, 0.00
5590, 0, 3, 0.00
5592, 0, 6, 0.00
5594, 0, 3, 0.00
5596, 0, 15, 0.00
5597, 0, 3, 0.00
5598, 0, 3, 0.00
5600, 1, 253, 0.00
5601, 0, 36, 0.00
5602, 0, 78, 0.00
5603, 0, 3, 0.00
5605, 0, 6, 0.00
5606, 0, 15, 0.00
5608, 0, 6, 0.00
5609, 0, 15, 0.00
5610, 0, 253, 0.00
5613, 0, 55, 0.00
5614, 0, 3, 0.00
5615, 0, 1, 0.00
5616, 0, 36, 0.00
5617, 0, 45, 0.00
5618, 0, 15, 0.00
5620, 0, 6, 0.00
5621, 0, 45, 0.00
5622, 0, 1, 0.00
5623, 0, 3, 0.00
5624, 0, 6, 0.00
5626, 0, 15, 0.00
5628, 0, 66, 0.00
5629, 0, 55, 0.00
5630, 0, 3, 0.00
5633, 0, 21, 0.00
5634, 0, 6, 0.00
5635, 0, 36, 0.00
5637, 0, 6, 0.00
5640, 0, 6, 0.00
5642, 0, 6, 0.00
5643, 0, 1, 0.00
5649, 0, 3, 0.00
5650, 0, 3, 0.00
5651, 0, 10, 0.00
5652, 0, 1, 0.00
5653, 0, 10, 0.00
5655, 0, 10, 0.00
5659, 0, 1, 0.00
5661, 0, 3, 0.00
5662, 0, 3, 0.00
5663, 0, 21, 0.00
5664, 0, 3, 0.00
5666, 0, 3, 0.00
5667, 0, 6, 0.00
5673, 0, 3, 0.00
5675, 0, 28, 0.00
5677, 0, 1, 0.00
5679, 0, 6, 0.00
5681, 0, 1, 0.00
5685, 0, 1, 0.00
5689, 0, 1, 0.00
5692, 0, 1, 0.00
5693, 0, 10, 0.00
5694, 0, 21, 0.00
5695, 0, 78, 0.00
5696, 1, 15400, 0.00
5697, 0, 4278, 0.00
5698, 2, 1953, 0.00
5699, 2, 1770, 0.00
5700, 0, 66, 0.00
5701, 0, 15, 0.00
5702, 0, 15, 0.00
5703, 0, 21, 0.00
5704, 0, 231, 0.00
5705, 0, 78, 0.00
5706, 0, 1, 0.00
5708, 0, 55, 0.00
5709, 0, 55, 0.00
5710, 0, 1, 0.00
5712, 0, 91, 0.00
5713, 0, 28, 0.00
5714, 0, 21, 0.00
5715, 0, 3, 0.00
5716, 0, 21, 0.00
5717, 0, 28, 0.00
5718, 0, 6, 0.00
5720, 0, 3, 0.00
5721, 0, 3, 0.00
5722, 0, 1, 0.00
5723, 0, 1, 0.00
5724, 0, 28, 0.00
5725, 0, 15, 0.00
5726, 0, 1, 0.00
5727, 0, 6, 0.00
5728, 0, 231, 0.00
5729, 0, 21, 0.00
5730, 0, 105, 0.00
5731, 0, 3, 0.00
5732, 0, 45, 0.00
5734, 0, 21, 0.00
5736, 0, 55, 0.00
5738, 0, 28, 0.00
5740, 0, 6, 0.00
5741, 0, 36, 0.00
5742, 0, 21, 0.00
5744, 0, 28, 0.00
5746, 0, 6, 0.00
5748, 0, 1, 0.00
5761, 0, 1, 0.00
5762, 0, 3, 0.00
5763, 0, 28, 0.00
5764, 0, 1, 0.00
5767, 0, 1, 0.00
5773, 0, 1, 0.00
5775, 0, 36, 0.00
5776, 0, 703, 0.00
5777, 0, 2415, 0.00
5778, 0, 378, 0.00
5779, 0, 153, 0.00
5780, 0, 2926, 0.00
5781, 0, 13861, 0.00
5782, 0, 1830, 0.00
5783, 0, 2346, 0.00
5785, 0, 6, 0.00
5786, 0, 1, 0.00
5787, 0, 1, 0.00
5788, 0, 2628, 0.00
5789, 0, 3828, 0.00
5790, 0, 2628, 0.00
5791, 0, 2415, 0.00
5800, 0, 3, 0.00
5802, 0, 1, 0.00
5803, 0, 21, 0.00
5805, 0, 3, 0.00
5807, 0, 21, 0.00
5808, 0, 3, 0.00
5809, 0, 36, 0.00
5810, 0, 10, 0.00
5811, 0, 6, 0.00
5812, 0, 91, 0.00
5813, 0, 45, 0.00
5814, 0, 21, 0.00
5815, 0, 45, 0.00
5816, 0, 10, 0.00
5817, 0, 10, 0.00
5818, 0, 1, 0.00
5819, 0, 10, 0.00
5820, 0, 1081, 0.00
5821, 0, 703, 0.00
5822, 0, 946, 0.00
5823, 0, 496, 0.00
5824, 1, 16836, 0.00
5825, 0, 1540, 0.00
5826, 1, 3741, 0.00
5827, 2, 741, 0.00
5828, 0, 21, 0.00
5829, 0, 6, 0.00
5830, 1, 15, 0.07
5831, 0, 1, 0.00
5832, 0, 78, 0.00
5833, 0, 6, 0.00
5834, 0, 3, 0.00
5836, 0, 171, 0.00
5837, 0, 36, 0.00
5838, 0, 3, 0.00
5840, 1, 6105, 0.00
5841, 0, 378, 0.00
5842, 0, 435, 0.00
5843, 0, 78, 0.00
5844, 0, 300, 0.00
5845, 0, 105, 0.00
5846, 0, 15, 0.00
5847, 0, 6, 0.00
5848, 0, 45, 0.00
5849, 0, 21, 0.00
5850, 0, 1, 0.00
5851, 0, 3, 0.00
5852, 0, 253, 0.00
5853, 0, 45, 0.00
5854, 0, 3, 0.00
5855, 1, 15, 0.07
5856, 0, 105, 0.00
5858, 0, 3, 0.00
5860, 0, 1, 0.00
5864, 0, 1, 0.00
5866, 0, 1, 0.00
5872, 0, 136, 0.00
5873, 0, 1, 0.00
5874, 0, 3, 0.00
5876, 0, 36, 0.00
5877, 0, 6, 0.00
5880, 0, 15, 0.00
5884, 0, 6, 0.00
5885, 0, 6, 0.00
5886, 0, 3, 0.00
5889, 0, 10, 0.00
5890, 0, 15, 0.00
5891, 0, 6, 0.00
5892, 0, 3, 0.00
5893, 0, 6, 0.00
5895, 0, 1, 0.00
5897, 0, 3, 0.00
5898, 0, 36, 0.00
5899, 0, 6, 0.00
5900, 0, 1, 0.00
5901, 0, 3, 0.00
5903, 0, 55, 0.00
5905, 0, 36, 0.00
5907, 0, 1, 0.00
5909, 0, 91, 0.00
5911, 0, 1, 0.00
5915, 0, 3, 0.00
5917, 0, 10, 0.00
5918, 0, 3, 0.00
5919, 0, 28, 0.00
5920, 0, 1035, 0.00
5921, 1, 231, 0.00
5922, 0, 2628, 0.00
5923, 0, 741, 0.00
5924, 0, 78, 0.00
5925, 0, 28, 0.00
5926, 0, 28, 0.00
5927, 0, 15, 0.00
5928, 0, 8646, 0.00
5929, 1, 3160, 0.00
5930, 0, 29403, 0.00
5931, 0, 5460, 0.00
5932, 0, 5778, 0.00
5933, 0, 4371, 0.00
5934, 0, 9730, 0.00
5935, 0, 5778, 0.00
5936, 0, 6, 0.00
5937, 0, 3, 0.00
5938, 0, 10, 0.00
5939, 0, 15, 0.00
5941, 0, 36, 0.00
5943, 0, 6, 0.00
5944, 0, 78, 0.00
5945, 0, 10, 0.00
5946, 0, 300, 0.00
5947, 0, 78, 0.00
5948, 0, 1653, 0.00
5949, 0, 703, 0.00
5950, 0, 2415, 0.00
5951, 0, 741, 0.00
5952, 5, 78210, 0.00
5953, 0, 5565, 0.00
5954, 1, 14028, 0.00
5955, 0, 1035, 0.00
5956, 0, 300, 0.00
5957, 0, 120, 0.00
5958, 0, 10, 0.00
5959, 0, 3, 0.00
5960, 0, 190, 0.00
5961, 0, 1, 0.00
5962, 0, 28, 0.00
5964, 0, 10, 0.00
5965, 0, 1, 0.00
5966, 0, 1, 0.00
5968, 0, 595, 0.00
5969, 0, 28, 0.00
5970, 0, 28, 0.00
5971, 0, 3, 0.00
5972, 0, 21, 0.00
5973, 0, 21, 0.00
5974, 0, 3, 0.00
5976, 0, 10, 0.00
5977, 0, 3, 0.00
5978, 0, 1, 0.00
5980, 0, 1, 0.00
5984, 8, 57630, 0.00
5985, 0, 2775, 0.00
5986, 1, 19306, 0.00
5987, 0, 276, 0.00
5988, 0, 496, 0.00
5989, 0, 21, 0.00
5990, 0, 105, 0.00
5991, 0, 1, 0.00
5992, 0, 2485, 0.00
5993, 0, 78, 0.00
5994, 3, 4371, 0.00
5995, 0, 136, 0.00
5996, 0, 231, 0.00
5997, 1, 105, 0.01
5998, 1, 406, 0.00
5999, 0, 3, 0.00
6000, 0, 253, 0.00
6001, 0, 6, 0.00
6002, 0, 78, 0.00
6003, 0, 10, 0.00
6004, 0, 15, 0.00
6008, 0, 15, 0.00
6009, 0, 3, 0.00
6010, 0, 21, 0.00
6012, 0, 21, 0.00
6014, 0, 1, 0.00
6016, 0, 496, 0.00
6017, 1, 136, 0.01
6018, 0, 351, 0.00
6019, 1, 276, 0.00
6020, 0, 1, 0.00
6021, 0, 6, 0.00
6023, 0, 3, 0.00
6026, 0, 3, 0.00
6027, 0, 6, 0.00
6029, 0, 1, 0.00
6030, 0, 6, 0.00
6031, 0, 6, 0.00
6032, 2, 5050, 0.00
6033, 5, 6555, 0.00
6034, 1, 2485, 0.00
6035, 0, 1275, 0.00
6036, 0, 780, 0.00
6037, 0, 5050, 0.00
6038, 0, 435, 0.00
6039, 0, 595, 0.00
6040, 0, 105, 0.00
6041, 0, 78, 0.00
6042, 0, 55, 0.00
6043, 0, 36, 0.00
6044, 0, 990, 0.00
6045, 0, 820, 0.00
6046, 0, 595, 0.00
6047, 0, 325, 0.00
6048, 1, 4095, 0.00
6049, 6, 1431, 0.00
6050, 0, 7503, 0.00
6051, 1, 3403, 0.00
6052, 0, 21, 0.00
6053, 0, 153, 0.00
6054, 0, 91, 0.00
6055, 0, 15, 0.00
6056, 0, 1485, 0.00
6057, 1, 703, 0.00
6058, 0, 2485, 0.00
6059, 0, 946, 0.00
6060, 0, 946, 0.00
6061, 0, 861, 0.00
6062, 0, 3160, 0.00
6063, 0, 276, 0.00
6064, 0, 4186, 0.00
6065, 0, 3160, 0.00
6066, 0, 6555, 0.00
6067, 0, 3570, 0.00
6068, 0, 990, 0.00
6069, 0, 1035, 0.00
6070, 0, 703, 0.00
6071, 0, 276, 0.00
6072, 0, 1653, 0.00
6073, 0, 1431, 0.00
6074, 0, 3160, 0.00
6075, 0, 595, 0.00
6076, 0, 14196, 0.00
6077, 0, 7626, 0.00
6078, 0, 20503, 0.00
6079, 0, 2346, 0.00
6080, 4, 17391, 0.00
6081, 0, 561, 0.00
6082, 0, 2211, 0.00
6083, 0, 78, 0.00
6084, 1, 91, 0.01
6085, 0, 10, 0.00
6086, 0, 3, 0.00
6087, 0, 1, 0.00
6088, 0, 105, 0.00
6089, 0, 6, 0.00
6090, 0, 28, 0.00
6092, 0, 6, 0.00
6094, 0, 1, 0.00
6096, 0, 2701, 0.00
6097, 0, 91, 0.00
6098, 0, 171, 0.00
6100, 0, 210, 0.00
6101, 0, 3, 0.00
6102, 0, 6, 0.00
6103, 0, 3, 0.00
6104, 0, 28, 0.00
6108, 0, 36, 0.00
6112, 1, 4186, 0.00
6113, 0, 55, 0.00
6114, 0, 406, 0.00
6115, 0, 28, 0.00
6116, 0, 3, 0.00
6117, 0, 1, 0.00
6118, 0, 3, 0.00
6120, 0, 210, 0.00
6121, 0, 6, 0.00
6122, 0, 55, 0.00
6124, 0, 10, 0.00
6125, 0, 6, 0.00
6126, 0, 3, 0.00
6128, 0, 1225, 0.00
6129, 0, 15, 0.00
6130, 0, 28, 0.00
6131, 0, 6, 0.00
6132, 0, 55, 0.00
6133, 0, 78, 0.00
6136, 0, 210, 0.00
6137, 0, 6, 0.00
6138, 0, 6, 0.00
6140, 0, 300, 0.00
6141, 0, 300, 0.00
6142, 0, 10, 0.00
6145, 0, 1, 0.00
6147, 0, 21, 0.00
6149, 0, 10, 0.00
6154, 0, 3, 0.00
6155, 0, 1, 0.00
6156, 0, 6, 0.00
6157, 0, 21, 0.00
6158, 0, 36, 0.00
6159, 0, 10, 0.00
6163, 0, 15, 0.00
6165, 0, 6, 0.00
6166, 0, 3, 0.00
6167, 0, 10, 0.00
6170, 0, 1, 0.00
6172, 0, 10, 0.00
6173, 0, 66, 0.00
6174, 0, 36, 0.00
6175, 0, 105, 0.00
6176, 0, 1, 0.00
6184, 0, 3, 0.00
6185, 0, 15, 0.00
6186, 0, 21, 0.00
6187, 0, 36, 0.00
6188, 0, 45, 0.00
6189, 0, 1, 0.00
6190, 0, 105, 0.00
6191, 0, 55, 0.00
6199, 0, 21, 0.00
6202, 0, 36, 0.00
6203, 0, 3, 0.00
6204, 0, 78, 0.00
6205, 1, 276, 0.00
6206, 0, 561, 0.00
6207, 0, 325, 0.00
6208, 0, 946, 0.00
6209, 0, 780, 0.00
6210, 1, 703, 0.00
6211, 0, 55, 0.00
6212, 0, 325, 0.00
6213, 0, 351, 0.00
6214, 0, 465, 0.00
6215, 0, 78, 0.00
6216, 0, 300, 0.00
6217, 0, 378, 0.00
6218, 0, 153, 0.00
6219, 0, 21, 0.00
6220, 0, 300, 0.00
6221, 0, 1596, 0.00
6222, 0, 1431, 0.00
6223, 0, 105, 0.00
6224, 0, 210, 0.00
6225, 0, 120, 0.00
6226, 0, 435, 0.00
6227, 0, 21, 0.00
6228, 0, 465, 0.00
6229, 0, 780, 0.00
6230, 0, 465, 0.00
6231, 0, 496, 0.00
6232, 0, 45, 0.00
6233, 0, 45, 0.00
6234, 0, 78, 0.00
6235, 0, 1, 0.00
6236, 0, 903, 0.00
6237, 0, 946, 0.00
6238, 0, 351, 0.00
6239, 0, 171, 0.00
6240, 0, 276, 0.00
6241, 0, 528, 0.00
6242, 0, 253, 0.00
6243, 0, 66, 0.00
6244, 0, 105, 0.00
6245, 0, 78, 0.00
6246, 1, 136, 0.01
6247, 0, 15, 0.00
6248, 0, 741, 0.00
6249, 1, 561, 0.00
6250, 0, 561, 0.00
6251, 2, 561, 0.00
6252, 0, 703, 0.00
6253, 0, 561, 0.00
6254, 0, 741, 0.00
6255, 0, 15, 0.00
6256, 0, 6, 0.00
6257, 0, 6, 0.00
6258, 0, 6, 0.00
6263, 0, 1, 0.00
6266, 0, 3, 0.00
6268, 0, 91, 0.00
6269, 0, 120, 0.00
6270, 0, 55, 0.00
6271, 0, 6, 0.00
6272, 0, 10, 0.00
6273, 0, 28, 0.00
6274, 0, 3, 0.00
6275, 0, 3, 0.00
6277, 0, 6, 0.00
6279, 0, 1, 0.00
6283, 0, 1, 0.00
6285, 0, 6, 0.00
6287, 0, 6, 0.00
6288, 0, 1, 0.00
6289, 0, 1, 0.00
6290, 0, 36, 0.00
6291, 0, 3, 0.00
6292, 0, 3, 0.00
6293, 0, 10, 0.00
6294, 0, 28, 0.00
6295, 0, 78, 0.00
6296, 0, 1, 0.00
6298, 0, 10, 0.00
6299, 0, 6, 0.00
6300, 0, 595, 0.00
6301, 0, 561, 0.00
6302, 2, 496, 0.00
6303, 0, 465, 0.00
6305, 0, 1, 0.00
6316, 0, 1, 0.00
6317, 0, 6, 0.00
6318, 0, 3, 0.00
6319, 0, 6, 0.00
6321, 0, 1, 0.00
6323, 0, 6, 0.00
6325, 0, 1, 0.00
6327, 0, 10, 0.00
6328, 0, 3, 0.00
6329, 0, 3, 0.00
6330, 0, 3, 0.00
6331, 0, 21, 0.00
6332, 0, 2145, 0.00
6333, 0, 4278, 0.00
6334, 0, 2016, 0.00
6335, 0, 1540, 0.00
6336, 0, 300, 0.00
6337, 0, 190, 0.00
6338, 0, 300, 0.00
6339, 0, 78, 0.00
6340, 0, 105, 0.00
6341, 0, 120, 0.00
6342, 0, 120, 0.00
6343, 0, 6, 0.00
6344, 0, 1, 0.00
6346, 0, 3, 0.00
6348, 0, 10, 0.00
6350, 0, 1, 0.00
6352, 0, 2080, 0.00
6353, 0, 1176, 0.00
6354, 2, 1540, 0.00
6355, 0, 91, 0.00
6356, 3, 4005, 0.00
6357, 0, 3160, 0.00
6358, 0, 666, 0.00
6359, 0, 36, 0.00
6360, 0, 15, 0.00
6362, 0, 6, 0.00
6364, 0, 561, 0.00
6365, 1, 406, 0.00
6366, 0, 55, 0.00
6367, 0, 1, 0.00
6378, 0, 21, 0.00
6380, 0, 3, 0.00
6382, 0, 3, 0.00
6384, 0, 15, 0.00
6386, 0, 36, 0.00
6388, 0, 3, 0.00
6389, 0, 3, 0.00
6392, 0, 6, 0.00
6396, 0, 21, 0.00
6397, 0, 28, 0.00
6398, 0, 1, 0.00
6400, 0, 1, 0.00
6401, 0, 3, 0.00
6402, 0, 3, 0.00
6403, 0, 6, 0.00
6408, 0, 1, 0.00
6409, 0, 1, 0.00
6412, 0, 3, 0.00
6413, 0, 6, 0.00
6414, 0, 6, 0.00
6415, 0, 3, 0.00
6419, 0, 15, 0.00
6426, 0, 1, 0.00
6427, 0, 1, 0.00
6429, 0, 1, 0.00
6430, 0, 6, 0.00
6432, 0, 3, 0.00
6433, 0, 15, 0.00
6434, 0, 3, 0.00
6435, 0, 15, 0.00
6439, 0, 1, 0.00
6440, 0, 1, 0.00
6441, 0, 10, 0.00
6442, 0, 6, 0.00
6443, 0, 105, 0.00
6444, 0, 465, 0.00
6445, 0, 703, 0.00
6446, 0, 378, 0.00
6447, 0, 595, 0.00
6449, 0, 1, 0.00
6450, 0, 3, 0.00
6453, 0, 3, 0.00
6454, 0, 21, 0.00
6455, 0, 21, 0.00
6456, 0, 3, 0.00
6457, 0, 1, 0.00
6458, 0, 15, 0.00
6460, 0, 1770, 0.00
6461, 1, 1953, 0.00
6462, 0, 2211, 0.00
6463, 0, 1128, 0.00
6464, 0, 351, 0.00
6465, 0, 190, 0.00
6466, 0, 946, 0.00
6467, 0, 15, 0.00
6468, 0, 10, 0.00
6469, 0, 3, 0.00
6470, 0, 15, 0.00
6471, 0, 1, 0.00
6472, 0, 105, 0.00
6473, 1, 28, 0.04
6474, 0, 10, 0.00
6476, 0, 10, 0.00
6477, 0, 6, 0.00
6478, 0, 6, 0.00
6479, 0, 1, 0.00
6480, 0, 1, 0.00
6484, 0, 1, 0.00
6486, 0, 6, 0.00
6488, 0, 3, 0.00
6490, 0, 1, 0.00
6493, 0, 1, 0.00
6494, 1, 15, 0.07
6496, 0, 4186, 0.00
6497, 0, 1081, 0.00
6498, 0, 1128, 0.00
6499, 0, 78, 0.00
6500, 1, 15, 0.07
6502, 0, 6, 0.00
6504, 2, 2415, 0.00
6505, 0, 435, 0.00
6506, 0, 4465, 0.00
6507, 0, 78, 0.00
6508, 0, 561, 0.00
6509, 0, 91, 0.00
6510, 0, 861, 0.00
6511, 0, 10, 0.00
6512, 0, 28, 0.00
6514, 0, 6, 0.00
6516, 0, 1, 0.00
6518, 0, 1, 0.00
6520, 0, 6, 0.00
6521, 0, 3, 0.00
6524, 0, 6, 0.00
6526, 0, 6, 0.00
6527, 0, 1, 0.00
6529, 0, 1, 0.00
6540, 0, 1, 0.00
6544, 0, 6, 0.00
6546, 0, 1, 0.00
6551, 0, 1, 0.00
6553, 0, 3, 0.00
6554, 0, 3, 0.00
6555, 0, 3, 0.00
6556, 0, 6, 0.00
6557, 0, 21, 0.00
6559, 0, 6, 0.00
6560, 0, 3, 0.00
6561, 0, 3, 0.00
6562, 0, 10, 0.00
6563, 1, 10, 0.10
6566, 0, 1, 0.00
6569, 0, 3, 0.00
6570, 0, 10, 0.00
6572, 0, 55, 0.00
6573, 0, 6, 0.00
6574, 0, 55, 0.00
6575, 0, 1, 0.00
6577, 0, 36, 0.00
6578, 0, 1, 0.00
6579, 1, 105, 0.01
6580, 0, 3, 0.00
6581, 0, 10, 0.00
6582, 0, 36, 0.00
6583, 1, 210, 0.00
6584, 0, 1, 0.00
6585, 0, 190, 0.00
6586, 0, 28, 0.00
6587, 0, 78, 0.00
6588, 0, 3403, 0.00
6589, 0, 3240, 0.00
6590, 0, 2080, 0.00
6591, 0, 1128, 0.00
6592, 0, 3, 0.00
6594, 0, 28, 0.00
6595, 0, 1, 0.00
6596, 0, 1, 0.00
6600, 0, 15, 0.00
6601, 0, 1, 0.00
6602, 0, 3, 0.00
6604, 0, 1, 0.00
6608, 0, 3, 0.00
6610, 0, 6, 0.00
6612, 0, 6, 0.00
6613, 0, 3, 0.00
6614, 0, 1, 0.00
6616, 0, 6, 0.00
6618, 0, 3, 0.00
6620, 0, 3, 0.00
6621, 0, 21, 0.00
6622, 0, 10, 0.00
6624, 0, 78, 0.00
6626, 0, 10, 0.00
6632, 0, 10, 0.00
6633, 0, 1, 0.00
6634, 0, 10, 0.00
6636, 0, 15, 0.00
6638, 0, 21, 0.00
6640, 0, 36, 0.00
6650, 0, 6, 0.00
6652, 0, 3, 0.00
6654, 0, 6, 0.00
6657, 0, 1, 0.00
6659, 0, 10, 0.00
6667, 0, 6, 0.00
6671, 0, 1, 0.00
6673, 0, 1, 0.00
6675, 0, 3, 0.00
6677, 0, 10, 0.00
6679, 0, 15, 0.00
6683, 0, 3, 0.00
6685, 0, 6, 0.00
6686, 0, 10, 0.00
6687, 0, 1, 0.00
6688, 0, 1, 0.00
6695, 0, 1, 0.00
6699, 0, 1, 0.00
6702, 0, 15, 0.00
6703, 0, 6, 0.00
6705, 0, 1, 0.00
6708, 0, 1, 0.00
6713, 0, 1, 0.00
6715, 0, 1, 0.00
6716, 0, 6, 0.00
6717, 0, 1, 0.00
6718, 0, 28, 0.00
6719, 0, 10, 0.00
6720, 0, 528, 0.00
6721, 2, 780, 0.00
6722, 0, 136, 0.00
6723, 0, 10, 0.00
6724, 0, 1, 0.00
6725, 0, 66, 0.00
6726, 0, 3, 0.00
6728, 0, 1, 0.00
6732, 0, 3, 0.00
6734, 0, 3, 0.00
6736, 0, 120, 0.00
6737, 0, 78, 0.00
6738, 0, 45, 0.00
6739, 0, 1, 0.00
6740, 0, 21, 0.00
6741, 0, 21, 0.00
6742, 0, 1, 0.00
6744, 0, 3, 0.00
6748, 0, 36, 0.00
6752, 0, 21, 0.00
6753, 0, 21, 0.00
6760, 0, 1, 0.00
6761, 0, 6, 0.00
6766, 0, 1, 0.00
6780, 0, 1, 0.00
6784, 0, 10, 0.00
6785, 0, 21, 0.00
6786, 0, 3, 0.00
6787, 0, 21, 0.00
6789, 0, 10, 0.00
6791, 0, 36, 0.00
6793, 0, 1, 0.00
6796, 0, 6, 0.00
6797, 0, 6, 0.00
6798, 0, 1, 0.00
6799, 0, 15, 0.00
6800, 0, 28, 0.00
6801, 0, 66, 0.00
6802, 0, 66, 0.00
6803, 0, 153, 0.00
6804, 0, 190, 0.00
6805, 1, 1326, 0.00
6806, 0, 153, 0.00
6807, 0, 300, 0.00
6809, 0, 3, 0.00
6810, 0, 3, 0.00
6812, 0, 2016, 0.00
6813, 0, 6105, 0.00
6814, 0, 1830, 0.00
6815, 0, 990, 0.00
6821, 0, 1, 0.00
6822, 0, 3, 0.00
6823, 0, 6, 0.00
6828, 0, 1, 0.00
6829, 0, 6, 0.00
6830, 0, 6, 0.00
6831, 0, 15, 0.00
6833, 0, 1, 0.00
6835, 0, 3, 0.00
6838, 0, 1, 0.00
6839, 0, 6, 0.00
6840, 0, 1, 0.00
6841, 0, 3, 0.00
6843, 0, 6, 0.00
6844, 0, 465, 0.00
6845, 0, 861, 0.00
6846, 0, 666, 0.00
6847, 0, 171, 0.00
6848, 0, 2556, 0.00
6849, 1, 1275, 0.00
6850, 1, 703, 0.00
6851, 0, 435, 0.00
6852, 0, 28, 0.00
6853, 0, 21, 0.00
6856, 0, 3, 0.00
6860, 0, 6, 0.00
6861, 0, 1, 0.00
6864, 2, 14196, 0.00
6865, 0, 3570, 0.00
6866, 0, 861, 0.00
6867, 0, 276, 0.00
6868, 0, 1830, 0.00
6869, 1, 820, 0.00
6870, 0, 120, 0.00
6871, 0, 15, 0.00
6872, 0, 10, 0.00
6874, 0, 3, 0.00
6876, 0, 351, 0.00
6877, 0, 55, 0.00
6879, 0, 1, 0.00
6880, 0, 3, 0.00
6881, 0, 3, 0.00
6882, 0, 3, 0.00
6889, 0, 3, 0.00
6892, 0, 10, 0.00
6896, 0, 6, 0.00
6897, 0, 3, 0.00
6898, 0, 3, 0.00
6900, 0, 10, 0.00
6902, 0, 3, 0.00
6904, 0, 3, 0.00
6908, 0, 1, 0.00
6909, 0, 1, 0.00
6910, 0, 3, 0.00
6912, 0, 3, 0.00
6913, 0, 1, 0.00
6914, 0, 1, 0.00
6915, 0, 1, 0.00
6920, 0, 1, 0.00
6922, 0, 1, 0.00
6924, 0, 10, 0.00
6925, 0, 10, 0.00
6926, 0, 21, 0.00
6927, 0, 3, 0.00
6929, 0, 3, 0.00
6931, 0, 3, 0.00
6933, 0, 1, 0.00
6934, 0, 1, 0.00
6935, 0, 3, 0.00
6941, 0, 1, 0.00
6942, 0, 6, 0.00
6943, 0, 1, 0.00
6945, 0, 3, 0.00
6946, 0, 1, 0.00
6947, 0, 10, 0.00
6948, 0, 1, 0.00
6950, 0, 1, 0.00
6952, 0, 6, 0.00
6953, 0, 6, 0.00
6954, 0, 10, 0.00
6955, 0, 1, 0.00
6956, 0, 21, 0.00
6957, 0, 10, 0.00
6958, 0, 66, 0.00
6959, 0, 15, 0.00
6961, 0, 6, 0.00
6963, 0, 6, 0.00
6969, 0, 6, 0.00
6970, 0, 1, 0.00
6972, 0, 120, 0.00
6973, 0, 66, 0.00
6974, 0, 78, 0.00
6975, 0, 10, 0.00
6976, 0, 231, 0.00
6977, 0, 15, 0.00
6978, 1, 153, 0.01
6979, 0, 3, 0.00
6980, 0, 10, 0.00
6981, 0, 3, 0.00
6989, 0, 3, 0.00
6992, 0, 6, 0.00
6996, 0, 10, 0.00
7008, 0, 28, 0.00
7009, 0, 1, 0.00
7010, 0, 28, 0.00
7012, 0, 6, 0.00
7016, 0, 3, 0.00
7017, 0, 28, 0.00
7018, 0, 6, 0.00
7020, 0, 6, 0.00
7021, 0, 6, 0.00
7022, 0, 1, 0.00
7024, 0, 1, 0.00
7026, 0, 6, 0.00
7032, 0, 1, 0.00
7036, 0, 1, 0.00
7040, 0, 10, 0.00
7041, 0, 1, 0.00
7042, 0, 15, 0.00
7043, 0, 10, 0.00
7044, 0, 1, 0.00
7045, 0, 1, 0.00
7050, 0, 1, 0.00
7051, 0, 3, 0.00
7052, 0, 1, 0.00
7053, 0, 1, 0.00
7056, 0, 15, 0.00
7057, 0, 10, 0.00
7058, 0, 3, 0.00
7059, 0, 3, 0.00
7060, 0, 1, 0.00
7062, 0, 10, 0.00
7063, 0, 15, 0.00
7065, 0, 3, 0.00
7066, 0, 6, 0.00
7067, 0, 1, 0.00
7068, 0, 55, 0.00
7069, 0, 6, 0.00
7070, 0, 28, 0.00
7071, 0, 3, 0.00
7072, 0, 10, 0.00
7073, 0, 3, 0.00
7074, 0, 78, 0.00
7075, 0, 6, 0.00
7078, 0, 3, 0.00
7080, 0, 3, 0.00
7081, 0, 6, 0.00
7082, 0, 91, 0.00
7083, 0, 1, 0.00
7084, 0, 10, 0.00
7085, 0, 21, 0.00
7086, 0, 21, 0.00
7087, 0, 6, 0.00
7088, 0, 3, 0.00
7089, 0, 3, 0.00
7090, 0, 28, 0.00
7091, 0, 36, 0.00
7092, 0, 1, 0.00
7093, 0, 21, 0.00
7094, 0, 3, 0.00
7095, 0, 10, 0.00
7096, 0, 3, 0.00
7097, 0, 21, 0.00
7098, 0, 21, 0.00
7099, 0, 3, 0.00
7100, 0, 630, 0.00
7101, 0, 435, 0.00
7102, 0, 325, 0.00
7103, 0, 91, 0.00
7104, 0, 15, 0.00
7106, 0, 15, 0.00
7108, 0, 15, 0.00
7112, 0, 28, 0.00
7116, 0, 1, 0.00
7120, 0, 36, 0.00
7121, 0, 15, 0.00
7124, 0, 28, 0.00
7128, 0, 1, 0.00
7129, 0, 1, 0.00
7132, 0, 1, 0.00
7136, 0, 15, 0.00
7138, 0, 1, 0.00
7140, 0, 3, 0.00
7144, 0, 15, 0.00
7145, 0, 6, 0.00
7146, 0, 1, 0.00
7148, 0, 15, 0.00
7168, 0, 6, 0.00
7169, 0, 6, 0.00
7170, 0, 15, 0.00
7171, 0, 1, 0.00
7172, 0, 3, 0.00
7174, 0, 1, 0.00
7179, 0, 3, 0.00
7182, 0, 6, 0.00
7183, 0, 6, 0.00
7186, 0, 1, 0.00
7187, 0, 1, 0.00
7190, 0, 1, 0.00
7196, 0, 10, 0.00
7197, 0, 1, 0.00
7198, 0, 6, 0.00
7199, 0, 10, 0.00
7200, 0, 3, 0.00
7202, 0, 6, 0.00
7210, 0, 3, 0.00
7211, 0, 10, 0.00
7212, 0, 10, 0.00
7213, 0, 1, 0.00
7214, 0, 15, 0.00
7215, 0, 6, 0.00
7218, 0, 3, 0.00
7219, 0, 1, 0.00
7221, 0, 6, 0.00
7223, 0, 10, 0.00
7224, 0, 1, 0.00
7226, 0, 1, 0.00
7228, 0, 1, 0.00
7230, 0, 21, 0.00
7231, 0, 1, 0.00
7232, 0, 903, 0.00
7233, 0, 91, 0.00
7234, 0, 276, 0.00
7235, 0, 36, 0.00
7236, 0, 10, 0.00
7237, 0, 1, 0.00
7240, 0, 15, 0.00
7241, 0, 15, 0.00
7244, 0, 10, 0.00
7245, 0, 45, 0.00
7248, 0, 3, 0.00
7250, 0, 6, 0.00
7252, 0, 15, 0.00
7255, 0, 1, 0.00
7258, 0, 6, 0.00
7260, 0, 21, 0.00
7261, 0, 1, 0.00
7262, 0, 1, 0.00
7264, 0, 276, 0.00
7265, 0, 120, 0.00
7266, 0, 10, 0.00
7267, 0, 28, 0.00
7268, 0, 1, 0.00
7272, 0, 21, 0.00
7276, 0, 6, 0.00
7280, 0, 3, 0.00
7293, 0, 3, 0.00
7296, 0, 6, 0.00
7297, 0, 3, 0.00
7298, 0, 6, 0.00
7299, 0, 1, 0.00
7305, 0, 1, 0.00
7307, 0, 3, 0.00
7310, 0, 1, 0.00
7312, 0, 6, 0.00
7313, 0, 36, 0.00
7314, 0, 10, 0.00
7317, 0, 15, 0.00
7318, 0, 6, 0.00
7319, 0, 1, 0.00
7324, 0, 21, 0.00
7325, 0, 6, 0.00
7326, 0, 21, 0.00
7327, 0, 10, 0.00
7328, 0, 3, 0.00
7339, 0, 3, 0.00
7340, 0, 1, 0.00
7342, 0, 6, 0.00
7347, 0, 1, 0.00
7349, 0, 3, 0.00
7354, 0, 1, 0.00
7356, 0, 21, 0.00
7357, 0, 21, 0.00
7358, 0, 36, 0.00
7359, 0, 36, 0.00
7360, 0, 190, 0.00
7361, 0, 15, 0.00
7362, 0, 171, 0.00
7363, 0, 10, 0.00
7364, 0, 6, 0.00
7368, 0, 6, 0.00
7372, 0, 1, 0.00
7376, 0, 120, 0.00
7377, 0, 6, 0.00
7378, 0, 1, 0.00
7381, 0, 10, 0.00
7384, 0, 28, 0.00
7388, 0, 15, 0.00
7402, 0, 1, 0.00
7408, 0, 55, 0.00
7409, 0, 1, 0.00
7424, 0, 21, 0.00
7425, 0, 10, 0.00
7426, 0, 36, 0.00
7427, 0, 21, 0.00
7432, 0, 6, 0.00
7433, 0, 3, 0.00
7434, 0, 3, 0.00
7435, 0, 3, 0.00
7436, 0, 3, 0.00
7437, 0, 6, 0.00
7438, 0, 3, 0.00
7439, 0, 15, 0.00
7441, 0, 1, 0.00
7442, 0, 3, 0.00
7443, 0, 1, 0.00
7449, 0, 3, 0.00
7455, 0, 15, 0.00
7456, 0, 36, 0.00
7457, 0, 45, 0.00
7458, 0, 21, 0.00
7459, 0, 45, 0.00
7461, 0, 3, 0.00
7463, 0, 10, 0.00
7464, 0, 496, 0.00
7465, 0, 561, 0.00
7466, 0, 861, 0.00
7467, 0, 300, 0.00
7468, 0, 1770, 0.00
7469, 1, 2278, 0.00
7470, 2, 2211, 0.00
7471, 0, 1953, 0.00
7472, 0, 3, 0.00
7473, 0, 6, 0.00
7474, 0, 15, 0.00
7475, 0, 6, 0.00
7477, 0, 21, 0.00
7478, 0, 15, 0.00
7479, 0, 21, 0.00
7480, 0, 15, 0.00
7481, 0, 28, 0.00
7482, 0, 45, 0.00
7483, 0, 15, 0.00
7484, 0, 351, 0.00
7485, 0, 528, 0.00
7486, 0, 435, 0.00
7487, 0, 300, 0.00
7488, 1, 5886, 0.00
7489, 0, 378, 0.00
7490, 0, 946, 0.00
7491, 0, 378, 0.00
7492, 0, 36, 0.00
7493, 0, 28, 0.00
7494, 0, 1, 0.00
7496, 0, 66, 0.00
7500, 0, 3, 0.00
7502, 0, 1, 0.00
7504, 0, 36, 0.00
7505, 0, 1, 0.00
7510, 0, 3, 0.00
7516, 0, 3, 0.00
7517, 0, 1, 0.00
7518, 0, 6, 0.00
7520, 0, 12090, 0.00
7521, 0, 595, 0.00
7522, 1, 1953, 0.00
7523, 0, 21, 0.00
7524, 0, 10, 0.00
7525, 0, 1, 0.00
7528, 1, 1326, 0.00
7529, 0, 45, 0.00
7530, 0, 528, 0.00
7531, 0, 10, 0.00
7532, 0, 45, 0.00
7533, 0, 3, 0.00
7534, 0, 28, 0.00
7536, 0, 78, 0.00
7537, 0, 3, 0.00
7544, 0, 3, 0.00
7545, 0, 1, 0.00
7548, 0, 6, 0.00
7550, 0, 6, 0.00
7552, 0, 6, 0.00
7553, 0, 15, 0.00
7554, 0, 15, 0.00
7555, 0, 15, 0.00
7559, 0, 3, 0.00
7566, 0, 1, 0.00
7568, 0, 1, 0.00
7569, 0, 21, 0.00
7570, 0, 45, 0.00
7571, 0, 15, 0.00
7573, 1, 36, 0.03
7574, 0, 21, 0.00
7575, 0, 3, 0.00
7580, 0, 3, 0.00
7581, 0, 1, 0.00
7582, 0, 10, 0.00
7583, 0, 10, 0.00
7584, 0, 3, 0.00
7585, 0, 10, 0.00
7586, 0, 21, 0.00
7587, 0, 6, 0.00
7589, 0, 6, 0.00
7593, 0, 28, 0.00
7594, 0, 3, 0.00
7595, 0, 3, 0.00
7596, 0, 28, 0.00
7597, 0, 6, 0.00
7598, 0, 153, 0.00
7599, 0, 21, 0.00
7601, 0, 105, 0.00
7602, 0, 1, 0.00
7603, 2, 210, 0.01
7604, 0, 3, 0.00
7605, 0, 55, 0.00
7606, 0, 6, 0.00
7607, 1, 55, 0.02
7608, 0, 10, 0.00
7609, 0, 66, 0.00
7610, 0, 36, 0.00
7611, 0, 3, 0.00
7612, 1, 861, 0.00
7613, 0, 300, 0.00
7614, 0, 378, 0.00
7615, 0, 105, 0.00
7616, 0, 36, 0.00
7617, 0, 1, 0.00
7618, 0, 6, 0.00
7620, 0, 28, 0.00
7621, 0, 1, 0.00
7624, 0, 6, 0.00
7632, 0, 28, 0.00
7633, 0, 1, 0.00
7636, 0, 6, 0.00
7638, 0, 1, 0.00
7640, 0, 3, 0.00
7648, 0, 66, 0.00
7650, 0, 6, 0.00
7652, 0, 1, 0.00
7656, 0, 10, 0.00
7664, 0, 28, 0.00
7666, 0, 3, 0.00
7672, 0, 3, 0.00
7676, 0, 1, 0.00
7678, 0, 1, 0.00
7680, 0, 6, 0.00
7683, 0, 6, 0.00
7685, 0, 3, 0.00
7687, 0, 10, 0.00
7689, 0, 6, 0.00
7690, 0, 1, 0.00
7691, 0, 1, 0.00
7693, 0, 3, 0.00
7694, 0, 3, 0.00
7695, 0, 136, 0.00
7696, 0, 3, 0.00
7699, 0, 3, 0.00
7700, 0, 1, 0.00
7701, 0, 66, 0.00
7702, 0, 1, 0.00
7703, 0, 10, 0.00
7706, 0, 1, 0.00
7707, 0, 3, 0.00
7708, 0, 10, 0.00
7709, 0, 28, 0.00
7710, 0, 105, 0.00
7711, 0, 66, 0.00
7712, 0, 15, 0.00
7713, 0, 1, 0.00
7714, 0, 91, 0.00
7715, 0, 3, 0.00
7717, 0, 10, 0.00
7720, 0, 3, 0.00
7721, 0, 78, 0.00
7722, 0, 45, 0.00
7723, 0, 10, 0.00
7724, 0, 6, 0.00
7725, 0, 21, 0.00
7726, 0, 153, 0.00
7727, 2, 210, 0.01
7733, 0, 1, 0.00
7734, 0, 1, 0.00
7736, 0, 1, 0.00
7740, 0, 10, 0.00
7741, 0, 3, 0.00
7742, 0, 91, 0.00
7743, 0, 6, 0.00
7744, 1, 14535, 0.00
7745, 1, 1485, 0.00
7746, 0, 861, 0.00
7747, 0, 276, 0.00
7748, 0, 15, 0.00
7749, 1, 21, 0.05
7752, 0, 45, 0.00
7753, 0, 15, 0.00
7756, 0, 3, 0.00
7759, 0, 1, 0.00
7760, 1, 105, 0.01
7761, 0, 15, 0.00
7764, 0, 28, 0.00
7765, 0, 1, 0.00
7768, 0, 1, 0.00
7769, 0, 6, 0.00
7772, 0, 10, 0.00
7773, 0, 1, 0.00
7776, 0, 136, 0.00
7777, 0, 28, 0.00
7778, 0, 10, 0.00
7786, 0, 6, 0.00
7808, 0, 28, 0.00
7809, 0, 15, 0.00
7810, 0, 28, 0.00
7811, 0, 78, 0.00
7813, 0, 15, 0.00
7815, 0, 10, 0.00
7816, 0, 1, 0.00
7817, 0, 10, 0.00
7819, 0, 3, 0.00
7820, 0, 3, 0.00
7821, 0, 10, 0.00
7822, 0, 10, 0.00
7823, 2, 300, 0.01
7824, 0, 2926, 0.00
7825, 0, 7021, 0.00
7826, 0, 741, 0.00
7827, 0, 703, 0.00
7828, 2, 8646, 0.00
7829, 3, 26106, 0.00
7830, 0, 3655, 0.00
7831, 0, 2211, 0.00
7832, 0, 6, 0.00
7833, 0, 6, 0.00
7834, 0, 10, 0.00
7835, 0, 3, 0.00
7836, 0, 8001, 0.00
7837, 0, 6328, 0.00
7838, 0, 4278, 0.00
7839, 0, 1378, 0.00
7840, 0, 36, 0.00
7841, 0, 1, 0.00
7842, 0, 28, 0.00
7843, 0, 10, 0.00
7848, 0, 10, 0.00
7849, 0, 3, 0.00
7850, 0, 45, 0.00
7851, 0, 21, 0.00
7852, 0, 6, 0.00
7853, 0, 3, 0.00
7854, 0, 15, 0.00
7855, 1, 45, 0.02
7856, 0, 21, 0.00
7857, 0, 10, 0.00
7858, 0, 10, 0.00
7859, 0, 10, 0.00
7860, 0, 136, 0.00
7861, 0, 120, 0.00
7862, 0, 45, 0.00
7863, 0, 21, 0.00
7864, 0, 6, 0.00
7865, 0, 6, 0.00
7866, 0, 15, 0.00
7867, 0, 1, 0.00
7868, 0, 820, 0.00
7869, 0, 406, 0.00
7870, 0, 300, 0.00
7871, 0, 210, 0.00
7872, 9, 61425, 0.00
7873, 0, 2485, 0.00
7874, 0, 3828, 0.00
7875, 0, 66, 0.00
7876, 0, 190, 0.00
7877, 0, 6, 0.00
7878, 0, 6, 0.00
7880, 0, 78, 0.00
7882, 0, 3, 0.00
7884, 0, 15, 0.00
7885, 0, 10, 0.00
7888, 1, 17205, 0.00
7889, 1, 1035, 0.00
7890, 0, 276, 0.00
7891, 0, 3, 0.00
7892, 0, 630, 0.00
7893, 0, 66, 0.00
7894, 0, 6, 0.00
7896, 0, 66, 0.00
7897, 0, 1, 0.00
7898, 0, 1, 0.00
7900, 0, 66, 0.00
7901, 0, 6, 0.00
7902, 0, 3, 0.00
7904, 0, 153, 0.00
7906, 0, 3, 0.00
7908, 0, 1, 0.00
7914, 0, 1, 0.00
7920, 2, 136, 0.01
7924, 0, 6, 0.00
7925, 0, 1, 0.00
7928, 0, 1, 0.00
7936, 0, 45, 0.00
7937, 0, 15, 0.00
7938, 0, 91, 0.00
7939, 0, 153, 0.00
7940, 0, 3, 0.00
7941, 0, 3, 0.00
7942, 0, 3, 0.00
7944, 0, 1, 0.00
7945, 0, 21, 0.00
7946, 0, 1, 0.00
7948, 0, 3, 0.00
7949, 0, 36, 0.00
7950, 0, 1, 0.00
7951, 0, 91, 0.00
7953, 0, 1, 0.00
7956, 0, 6, 0.00
7957, 0, 66, 0.00
7958, 0, 1, 0.00
7959, 0, 6, 0.00
7960, 0, 1, 0.00
7961, 0, 1, 0.00
7964, 0, 21, 0.00
7965, 0, 28, 0.00
7966, 0, 10, 0.00
7968, 0, 3240, 0.00
7969, 0, 435, 0.00
7970, 0, 5886, 0.00
7971, 0, 528, 0.00
7972, 0, 6, 0.00
7973, 0, 91, 0.00
7974, 0, 21, 0.00
7975, 0, 6, 0.00
7976, 0, 13861, 0.00
7977, 0, 1653, 0.00
7978, 8, 17391, 0.00
7979, 0, 946, 0.00
7980, 1, 6670, 0.00
7981, 1, 2850, 0.00
7982, 1, 4005, 0.00
7983, 0, 946, 0.00
7984, 0, 105, 0.00
7985, 0, 55, 0.00
7986, 0, 28, 0.00
7987, 0, 10, 0.00
7988, 0, 3, 0.00
7989, 0, 28, 0.00
7990, 0, 1, 0.00
7991, 0, 6, 0.00
7992, 0, 136, 0.00
7993, 0, 55, 0.00
7994, 0, 36, 0.00
7995, 0, 3, 0.00
7996, 1, 1830, 0.00
7997, 0, 253, 0.00
7998, 1, 300, 0.00
7999, 0, 91, 0.00
8000, 5, 48828, 0.00
8001, 0, 3003, 0.00
8002, 2, 3486, 0.00
8003, 0, 153, 0.00
8004, 0, 55, 0.00
8005, 0, 10, 0.00
8008, 0, 36, 0.00
8010, 0, 1, 0.00
8012, 0, 3, 0.00
8013, 0, 3, 0.00
8016, 2, 406, 0.00
8017, 0, 10, 0.00
8020, 0, 1, 0.00
8021, 0, 3, 0.00
8024, 0, 1, 0.00
8032, 0, 6903, 0.00
8033, 0, 465, 0.00
8034, 0, 1176, 0.00
8035, 0, 15, 0.00
8036, 0, 15, 0.00
8037, 0, 21, 0.00
8040, 0, 136, 0.00
8041, 0, 28, 0.00
8042, 0, 105, 0.00
8048, 2, 45, 0.04
8060, 0, 3, 0.00
8064, 0, 5356, 0.00
8065, 0, 1128, 0.00
8066, 0, 1596, 0.00
8067, 0, 253, 0.00
8068, 0, 10, 0.00
8069, 0, 1, 0.00
8072, 0, 78, 0.00
8073, 0, 15, 0.00
8074, 0, 6, 0.00
8075, 0, 15, 0.00
8076, 0, 21, 0.00
8077, 0, 36, 0.00
8078, 0, 10, 0.00
8079, 0, 10, 0.00
8080, 3, 32385, 0.00
8081, 4, 17205, 0.00
8082, 0, 5565, 0.00
8083, 0, 990, 0.00
8084, 1, 2211, 0.00
8085, 0, 2080, 0.00
8086, 0, 561, 0.00
8087, 0, 136, 0.00
8088, 0, 190, 0.00
8089, 0, 36, 0.00
8090, 0, 55, 0.00
8091, 0, 6, 0.00
8092, 0, 1953, 0.00
8093, 0, 561, 0.00
8094, 0, 528, 0.00
8095, 1, 105, 0.01
8096, 2, 31125, 0.00
8097, 0, 2775, 0.00
8098, 1, 29161, 0.00
8099, 0, 2556, 0.00
8100, 0, 36, 0.00
8101, 0, 171, 0.00
8102, 0, 66, 0.00
8103, 0, 21, 0.00
8104, 0, 5886, 0.00
8105, 0, 435, 0.00
8106, 0, 1953, 0.00
8107, 0, 300, 0.00
8108, 0, 2926, 0.00
8109, 0, 528, 0.00
8110, 0, 1326, 0.00
8111, 0, 120, 0.00
8112, 0, 10878, 0.00
8113, 1, 3160, 0.00
8114, 0, 5460, 0.00
8115, 0, 861, 0.00
8116, 0, 2556, 0.00
8117, 0, 1176, 0.00
8118, 0, 378, 0.00
8119, 0, 136, 0.00
8120, 0, 1891, 0.00
8121, 0, 210, 0.00
8122, 0, 666, 0.00
8123, 0, 136, 0.00
8124, 0, 19306, 0.00
8125, 0, 2701, 0.00
8126, 0, 3003, 0.00
8127, 0, 171, 0.00
8128, 6, 29403, 0.00
8129, 0, 666, 0.00
8130, 0, 741, 0.00
8131, 0, 6, 0.00
8132, 0, 91, 0.00
8136, 0, 45, 0.00
8140, 0, 1, 0.00
8144, 2, 5356, 0.00
8145, 0, 105, 0.00
8146, 0, 136, 0.00
8148, 0, 105, 0.00
8149, 0, 10, 0.00
8150, 0, 1, 0.00
8152, 0, 21, 0.00
8156, 0, 6, 0.00
8160, 0, 1485, 0.00
8161, 0, 10, 0.00
8162, 0, 91, 0.00
8168, 0, 21, 0.00
8170, 0, 10, 0.00
8172, 0, 6, 0.00
8176, 1, 780, 0.00
8178, 0, 1, 0.00
8180, 0, 3, 0.00
8184, 0, 10, 0.00
8188, 0, 15, 0.00
